0.007668231611893584 1287.8 33.0
0.005790297339593115 1285.4 64.0
0.003912363067292645 1283.0 94.1
0.003912363067292645 1283.0 124.4
0.003912363067292645 1283.0 154.4
0.0020344287949921754 1280.6 184.3
0.001643192488262911 1280.1 213.9
0.001643192488262911 1280.1 243.8
0.001643192488262911 1280.1 272.6
0.001643192488262911 1280.1 302.6
0.0012519561815336464 1279.6 332.5
0.0012519561815336464 1279.6 362.9
8.607198748043817E-4 1279.1 393.2
8.607198748043817E-4 1279.1 422.1
8.607198748043817E-4 1279.1 452.0
4.6948356807511736E-4 1278.6 482.5
4.6948356807511736E-4 1278.6 512.9
7.82472613458529E-5 1278.1 542.8
7.82472613458529E-5 1278.1 574.0
7.82472613458529E-5 1278.1 604.1
7.82472613458529E-5 1278.1 634.2
7.82472613458529E-5 1278.1 664.6
7.82472613458529E-5 1278.1 694.4
7.82472613458529E-5 1278.1 724.0
7.82472613458529E-5 1278.1 754.5
7.82472613458529E-5 1278.1 784.1
7.82472613458529E-5 1278.1 814.4
7.82472613458529E-5 1278.1 844.3
7.82472613458529E-5 1278.1 874.1
7.82472613458529E-5 1278.1 908.5
7.82472613458529E-5 1278.1 938.5
7.82472613458529E-5 1278.1 969.0
0.0 1278.0 998.4
0.0 1278.0 1027.9
0.0 1278.0 1057.7
0.0 1278.0 1094.0
0.0 1278.0 1123.9
0.0 1278.0 1154.0
0.0 1278.0 1184.6
0.0 1278.0 1215.9
0.0 1278.0 1245.7
0.0 1278.0 1275.4
0.0 1278.0 1305.4
0.0 1278.0 1335.7
0.0 1278.0 1365.9
0.0 1278.0 1396.6
0.0 1278.0 1426.8
0.0 1278.0 1456.7
0.0 1278.0 1486.6
0.0 1278.0 1516.5
0.0 1278.0 1546.1
0.0 1278.0 1576.0
0.0 1278.0 1606.0
0.0 1278.0 1636.4
0.0 1278.0 1666.4
0.0 1278.0 1696.3
0.0 1278.0 1726.6
0.0 1278.0 1757.0
0.0 1278.0 1787.3
0.0 1278.0 1817.2
0.0 1278.0 1847.5
0.0 1278.0 1877.6
0.0 1278.0 1907.2
0.0 1278.0 1937.2
0.0 1278.0 1967.1
0.0 1278.0 1998.1
0.0 1278.0 2028.0
0.0 1278.0 2057.7
0.0 1278.0 2087.6
0.0 1278.0 2117.7
0.0 1278.0 2147.3
0.0 1278.0 2178.0
0.0 1278.0 2207.8
0.0 1278.0 2237.8
0.0 1278.0 2267.3
0.0 1278.0 2297.1
0.0 1278.0 2326.8
0.0 1278.0 2356.9
0.0 1278.0 2386.6
0.0 1278.0 2416.3
0.0 1278.0 2445.9
0.0 1278.0 2475.6
0.0 1278.0 2505.5
0.0 1278.0 2535.4
0.0 1278.0 2565.0
0.0 1278.0 2594.8
0.0 1278.0 2624.5
0.0 1278.0 2654.2
0.0 1278.0 2683.6
0.0 1278.0 2713.3
0.0 1278.0 2742.6
0.0 1278.0 2771.8
0.0 1278.0 2801.3
0.0 1278.0 2830.9
0.0 1278.0 2860.3
0.0 1278.0 2889.5
0.0 1278.0 2919.0
0.0 1278.0 2948.4
0.0 1278.0 2977.8
0.0 1278.0 3007.5
0.0 1278.0 3037.3
0.0 1278.0 3067.1
0.0 1278.0 3097.1
0.0 1278.0 3126.8
0.0 1278.0 3156.9
0.0 1278.0 3186.4
0.0 1278.0 3216.4
0.0 1278.0 3246.2
0.0 1278.0 3276.1
0.0 1278.0 3305.7
0.0 1278.0 3335.7
0.0 1278.0 3365.5
0.0 1278.0 3395.3
0.0 1278.0 3424.9
0.0 1278.0 3454.5
0.0 1278.0 3484.1
0.0 1278.0 3513.7
0.0 1278.0 3543.2
0.0 1278.0 3572.8
0.0 1278.0 3602.2
0.0 1278.0 3631.8
0.0 1278.0 3661.4
0.0 1278.0 3690.7
0.0 1278.0 3720.1
0.0 1278.0 3750.2
0.0 1278.0 3779.9
0.0 1278.0 3809.4
0.0 1278.0 3839.2
0.0 1278.0 3868.9
0.0 1278.0 3898.4
0.0 1278.0 3928.8
0.0 1278.0 3959.6
0.0 1278.0 3989.6
0.0 1278.0 4019.1
0.0 1278.0 4049.0
0.0 1278.0 4078.6
0.0 1278.0 4108.3
0.0 1278.0 4137.7
0.0 1278.0 4167.3
0.0 1278.0 4197.2
0.0 1278.0 4227.3
0.0 1278.0 4258.0
0.0 1278.0 4288.1
0.0 1278.0 4318.4
0.0 1278.0 4348.0
0.0 1278.0 4377.9
0.0 1278.0 4407.6
0.0 1278.0 4437.1
0.0 1278.0 4466.9
0.0 1278.0 4496.4
0.0 1278.0 4526.3
0.0 1278.0 4556.2
0.0 1278.0 4585.5
0.0 1278.0 4615.0
0.0 1278.0 4644.1
0.0 1278.0 4673.5
0.0 1278.0 4703.3
0.0 1278.0 4733.0
0.0 1278.0 4762.6
0.0 1278.0 4792.1
0.0 1278.0 4821.7
0.0 1278.0 4851.3
0.0 1278.0 4881.0
0.0 1278.0 4910.4
0.0 1278.0 4940.2
0.0 1278.0 4969.9
0.0 1278.0 4999.5
0.0 1278.0 5029.3
0.0 1278.0 5058.7
0.0 1278.0 5088.1
0.0 1278.0 5117.7
0.0 1278.0 5147.3
0.0 1278.0 5177.0
0.0 1278.0 5206.5
0.0 1278.0 5236.0
0.0 1278.0 5265.1
0.0 1278.0 5295.2
0.0 1278.0 5325.2
0.0 1278.0 5355.3
0.0 1278.0 5384.5
0.0 1278.0 5414.0
0.0 1278.0 5444.0
0.0 1278.0 5473.8
0.0 1278.0 5503.3
0.0 1278.0 5533.0
0.0 1278.0 5562.8
0.0 1278.0 5592.2
0.0 1278.0 5621.7
0.0 1278.0 5651.3
0.0 1278.0 5681.1
0.0 1278.0 5710.7
0.0 1278.0 5740.3
0.0 1278.0 5769.8
0.0 1278.0 5799.5
0.0 1278.0 5829.3
0.0 1278.0 5858.7
0.0 1278.0 5888.4
0.0 1278.0 5918.1
0.0 1278.0 5947.7
0.0 1278.0 5976.8
0.0 1278.0 6006.4
0.0 1278.0 6036.0
0.0 1278.0 6065.5
0.0 1278.0 6094.7
0.0 1278.0 6124.5
0.0 1278.0 6154.3
0.0 1278.0 6183.5
0.0 1278.0 6213.4
0.0 1278.0 6242.9
0.0 1278.0 6272.4
0.0 1278.0 6302.1
0.0 1278.0 6332.1
0.0 1278.0 6361.4
0.0 1278.0 6391.3
0.0 1278.0 6421.0
0.0 1278.0 6450.6
0.0 1278.0 6480.9
0.0 1278.0 6511.5
0.0 1278.0 6541.4
0.0 1278.0 6571.6
0.0 1278.0 6601.2
0.0 1278.0 6631.0
0.0 1278.0 6660.8
0.0 1278.0 6690.3
0.0 1278.0 6720.0
0.0 1278.0 6751.1
0.0 1278.0 6781.6
0.0 1278.0 6811.8
0.0 1278.0 6844.2
0.0 1278.0 6874.2
0.0 1278.0 6903.9
0.0 1278.0 6933.8
0.0 1278.0 6966.3
0.0 1278.0 6996.7
0.0 1278.0 7027.5
0.0 1278.0 7057.6
0.0 1278.0 7087.5
0.0 1278.0 7117.9
0.0 1278.0 7148.6
0.0 1278.0 7178.6
0.0 1278.0 7209.0
0.0 1278.0 7239.3
0.0 1278.0 7269.7
0.0 1278.0 7299.9
0.0 1278.0 7330.0
0.0 1278.0 7360.0
0.0 1278.0 7393.6
0.0 1278.0 7423.7
0.0 1278.0 7456.2
0.0 1278.0 7486.6
0.0 1278.0 7516.7
0.0 1278.0 7546.9
0.0 1278.0 7577.1
0.0 1278.0 7607.2
0.0 1278.0 7637.1
0.0 1278.0 7667.0
0.0 1278.0 7696.8
0.0 1278.0 7727.1
0.0 1278.0 7757.3
0.0 1278.0 7787.1
0.0 1278.0 7817.9
0.0 1278.0 7847.8
0.0 1278.0 7878.3
0.0 1278.0 7908.9
0.0 1278.0 7939.3
0.0 1278.0 7970.1
0.0 1278.0 8000.6
0.0 1278.0 8030.6
0.0 1278.0 8061.1
0.0 1278.0 8091.3
0.0 1278.0 8121.7
0.0 1278.0 8151.7
0.0 1278.0 8181.4
0.0 1278.0 8211.1
0.0 1278.0 8240.7
0.0 1278.0 8270.3
0.0 1278.0 8299.8
0.0 1278.0 8329.5
0.0 1278.0 8359.4
0.0 1278.0 8389.1
0.0 1278.0 8418.8
0.0 1278.0 8448.7
0.0 1278.0 8481.5
0.0 1278.0 8511.9
0.0 1278.0 8544.4
0.0 1278.0 8574.3
0.0 1278.0 8604.0
0.0 1278.0 8633.9
0.0 1278.0 8663.5
0.0 1278.0 8693.3
0.0 1278.0 8722.8
0.0 1278.0 8752.6
0.0 1278.0 8782.7
0.0 1278.0 8812.5
0.0 1278.0 8842.9
0.0 1278.0 8872.6
0.0 1278.0 8902.4
0.0 1278.0 8933.0
0.0 1278.0 8963.0
0.0 1278.0 8993.2
0.0 1278.0 9022.9
0.0 1278.0 9055.2
0.0 1278.0 9085.5
0.0 1278.0 9115.4
0.0 1278.0 9145.1
0.0 1278.0 9175.0
0.0 1278.0 9204.7
0.0 1278.0 9234.5
0.0 1278.0 9264.5
0.0 1278.0 9294.4
0.0 1278.0 9324.5
0.0 1278.0 9354.5
0.0 1278.0 9386.0
0.0 1278.0 9416.2
0.0 1278.0 9446.0
0.0 1278.0 9475.6
0.0 1278.0 9505.4
0.0 1278.0 9534.9
0.0 1278.0 9565.8
0.0 1278.0 9595.8
0.0 1278.0 9625.5
0.0 1278.0 9655.2
0.0 1278.0 9684.8
0.0 1278.0 9716.5
0.0 1278.0 9745.9
0.0 1278.0 9775.7
0.0 1278.0 9805.2
0.0 1278.0 9835.2
0.0 1278.0 9865.0
0.0 1278.0 9894.7
0.0 1278.0 9924.5
0.0 1278.0 9954.0
0.0 1278.0 9983.4
0.0 1278.0 10013.2
0.0 1278.0 10043.1
0.0 1278.0 10072.9
0.0 1278.0 10103.0
0.0 1278.0 10133.4
0.0 1278.0 10163.5
0.0 1278.0 10193.0
0.0 1278.0 10222.8
0.0 1278.0 10252.6
0.0 1278.0 10282.4
0.0 1278.0 10312.3
0.0 1278.0 10342.0
0.0 1278.0 10372.0
0.0 1278.0 10401.7
0.0 1278.0 10431.6
0.0 1278.0 10461.3
0.0 1278.0 10490.8
0.0 1278.0 10520.8
0.0 1278.0 10550.2
0.0 1278.0 10579.8
0.0 1278.0 10609.5
0.0 1278.0 10639.3
0.0 1278.0 10669.2
0.0 1278.0 10698.9
0.0 1278.0 10728.3
0.0 1278.0 10758.0
0.0 1278.0 10787.4
0.0 1278.0 10817.0
0.0 1278.0 10846.6
0.0 1278.0 10876.3
0.0 1278.0 10906.2
0.0 1278.0 10936.1
0.0 1278.0 10966.1
0.0 1278.0 10995.6
0.0 1278.0 11025.3
0.0 1278.0 11055.3
0.0 1278.0 11085.0
0.0 1278.0 11114.5
0.0 1278.0 11144.1
0.0 1278.0 11173.8
0.0 1278.0 11203.3
0.0 1278.0 11232.8
0.0 1278.0 11262.2
0.0 1278.0 11291.9
0.0 1278.0 11321.4
0.0 1278.0 11350.9
0.0 1278.0 11383.6
0.0 1278.0 11414.6
0.0 1278.0 11444.6
0.0 1278.0 11474.7
0.0 1278.0 11504.4
0.0 1278.0 11534.1
0.0 1278.0 11563.8
0.0 1278.0 11593.4
0.0 1278.0 11623.1
0.0 1278.0 11652.9
0.0 1278.0 11683.5
0.0 1278.0 11713.1
0.0 1278.0 11742.7
0.0 1278.0 11772.6
0.0 1278.0 11802.4
0.0 1278.0 11832.0
0.0 1278.0 11861.6
0.0 1278.0 11891.5
0.0 1278.0 11920.9
0.0 1278.0 11950.4
0.0 1278.0 11980.2
0.0 1278.0 12009.8
0.0 1278.0 12039.2
0.0 1278.0 12068.8
0.0 1278.0 12098.6
0.0 1278.0 12128.4
0.0 1278.0 12158.5
0.0 1278.0 12188.4
0.0 1278.0 12218.3
0.0 1278.0 12248.1
0.0 1278.0 12277.9
0.0 1278.0 12307.6
0.0 1278.0 12337.7
0.0 1278.0 12367.1
0.0 1278.0 12396.7
0.0 1278.0 12426.0
0.0 1278.0 12455.5
0.0 1278.0 12484.7
0.0 1278.0 12514.6
0.0 1278.0 12544.3
0.0 1278.0 12574.3
0.0 1278.0 12604.1
0.0 1278.0 12633.7
0.0 1278.0 12663.1
0.0 1278.0 12692.6
0.0 1278.0 12722.1
0.0 1278.0 12751.5
0.0 1278.0 12781.2
0.0 1278.0 12810.4
0.0 1278.0 12840.0
0.0 1278.0 12869.4
0.0 1278.0 12899.2
0.0 1278.0 12928.6
0.0 1278.0 12958.7
0.0 1278.0 12988.3
0.0 1278.0 13018.2
0.0 1278.0 13047.8
0.0 1278.0 13077.6
0.0 1278.0 13107.2
0.0 1278.0 13136.9
0.0 1278.0 13166.4
0.0 1278.0 13195.7
0.0 1278.0 13225.6
0.0 1278.0 13255.2
0.0 1278.0 13284.5
0.0 1278.0 13314.2
0.0 1278.0 13343.7
0.0 1278.0 13373.2
0.0 1278.0 13402.9
0.0 1278.0 13432.8
0.0 1278.0 13462.2
0.0 1278.0 13491.6
0.0 1278.0 13521.1
0.0 1278.0 13551.1
0.0 1278.0 13580.7
0.0 1278.0 13610.4
0.0 1278.0 13640.5
0.0 1278.0 13669.5
0.0 1278.0 13698.7
0.0 1278.0 13728.0
0.0 1278.0 13757.5
0.0 1278.0 13787.1
0.0 1278.0 13817.0
0.0 1278.0 13846.7
0.0 1278.0 13876.1
0.0 1278.0 13905.8
0.0 1278.0 13935.7
0.0 1278.0 13965.1
0.0 1278.0 13994.8
0.0 1278.0 14024.3
0.0 1278.0 14054.0
0.0 1278.0 14083.2
0.0 1278.0 14112.8
0.0 1278.0 14142.2
0.0 1278.0 14172.2
0.0 1278.0 14201.6
0.0 1278.0 14231.2
0.0 1278.0 14260.8
0.0 1278.0 14290.2
0.0 1278.0 14319.9
0.0 1278.0 14349.6
0.0 1278.0 14379.2
0.0 1278.0 14409.0
0.0 1278.0 14438.4
0.0 1278.0 14471.4
0.0 1278.0 14501.3
0.0 1278.0 14531.2
0.0 1278.0 14560.8
0.0 1278.0 14590.6
0.0 1278.0 14620.0
0.0 1278.0 14649.6
0.0 1278.0 14679.6
0.0 1278.0 14710.0
0.0 1278.0 14742.1
0.0 1278.0 14772.7
0.0 1278.0 14802.7
0.0 1278.0 14832.7
0.0 1278.0 14863.1
0.0 1278.0 14893.2
0.0 1278.0 14922.9
0.0 1278.0 14952.8
0.0 1278.0 14982.7
0.0 1278.0 15013.0
0.0 1278.0 15043.8
0.0 1278.0 15074.2
0.0 1278.0 15104.6
0.0 1278.0 15134.7
0.0 1278.0 15164.4
0.0 1278.0 15194.4
0.0 1278.0 15223.8
0.0 1278.0 15253.4
0.0 1278.0 15283.2
0.0 1278.0 15313.3
0.0 1278.0 15343.2
0.0 1278.0 15373.3
0.0 1278.0 15403.3
0.0 1278.0 15433.1
0.0 1278.0 15462.9
0.0 1278.0 15492.6
0.0 1278.0 15522.1
0.0 1278.0 15551.8
0.0 1278.0 15581.2
0.0 1278.0 15611.0
0.0 1278.0 15640.7
0.0 1278.0 15670.5
0.0 1278.0 15700.5
0.0 1278.0 15730.6
0.0 1278.0 15760.4
0.0 1278.0 15790.2
0.0 1278.0 15820.4
0.0 1278.0 15849.9
0.0 1278.0 15879.7
0.0 1278.0 15909.4
0.0 1278.0 15939.0
0.0 1278.0 15968.6
0.0 1278.0 15998.2
0.0 1278.0 16028.5
0.0 1278.0 16058.7
0.0 1278.0 16088.7
0.0 1278.0 16118.7
0.0 1278.0 16148.8
0.0 1278.0 16178.3
0.0 1278.0 16208.9
0.0 1278.0 16239.6
0.0 1278.0 16269.3
0.0 1278.0 16299.1
0.0 1278.0 16329.1
0.0 1278.0 16360.3
0.0 1278.0 16390.4
0.0 1278.0 16422.0
0.0 1278.0 16452.6
0.0 1278.0 16483.5
0.0 1278.0 16514.4
0.0 1278.0 16545.1
0.0 1278.0 16575.0
0.0 1278.0 16605.5
0.0 1278.0 16636.1
0.0 1278.0 16666.3
0.0 1278.0 16696.3
0.0 1278.0 16726.4
0.0 1278.0 16755.9
0.0 1278.0 16785.6
0.0 1278.0 16815.0
0.0 1278.0 16844.5
0.0 1278.0 16874.7
0.0 1278.0 16904.5
0.0 1278.0 16934.1
0.0 1278.0 16964.0
0.0 1278.0 16993.8
0.0 1278.0 17023.9
0.0 1278.0 17053.5
0.0 1278.0 17083.3
0.0 1278.0 17113.8
0.0 1278.0 17143.9
0.0 1278.0 17174.1
0.0 1278.0 17203.9
0.0 1278.0 17233.7
0.0 1278.0 17263.7
0.0 1278.0 17293.2
0.0 1278.0 17323.7
0.0 1278.0 17353.6
0.0 1278.0 17383.9
0.0 1278.0 17414.0
0.0 1278.0 17443.9
0.0 1278.0 17473.5
0.0 1278.0 17503.4
0.0 1278.0 17533.3
0.0 1278.0 17563.3
0.0 1278.0 17593.3
0.0 1278.0 17624.4
0.0 1278.0 17654.9
0.0 1278.0 17686.1
0.0 1278.0 17716.4
0.0 1278.0 17746.8
0.0 1278.0 17777.1
0.0 1278.0 17807.6
0.0 1278.0 17837.5
0.0 1278.0 17867.6
0.0 1278.0 17898.0
0.0 1278.0 17928.1
0.0 1278.0 17958.0
0.0 1278.0 17988.9
0.0 1278.0 18020.4
0.0 1278.0 18050.6
0.0 1278.0 18081.6
0.0 1278.0 18111.7
0.0 1278.0 18141.9
0.0 1278.0 18171.5
0.0 1278.0 18201.7
0.0 1278.0 18231.9
0.0 1278.0 18262.3
0.0 1278.0 18292.1
0.0 1278.0 18321.8
0.0 1278.0 18351.5
0.0 1278.0 18381.2
0.0 1278.0 18411.1
0.0 1278.0 18440.7
0.0 1278.0 18470.7
0.0 1278.0 18500.3
0.0 1278.0 18530.2
0.0 1278.0 18559.7
0.0 1278.0 18589.5
0.0 1278.0 18619.2
0.0 1278.0 18649.3
0.0 1278.0 18678.5
0.0 1278.0 18708.0
0.0 1278.0 18737.4
0.0 1278.0 18766.9
0.0 1278.0 18796.5
0.0 1278.0 18826.5
0.0 1278.0 18857.6
0.0 1278.0 18887.2
0.0 1278.0 18916.6
0.0 1278.0 18946.3
0.0 1278.0 18975.8
0.0 1278.0 19005.0
0.0 1278.0 19034.7
0.0 1278.0 19064.0
0.0 1278.0 19093.6
0.0 1278.0 19123.1
0.0 1278.0 19152.6
0.0 1278.0 19182.7
0.0 1278.0 19212.7
0.0 1278.0 19242.7
0.0 1278.0 19272.7
0.0 1278.0 19302.6
0.0 1278.0 19332.5
0.0 1278.0 19362.4
0.0 1278.0 19392.4
0.0 1278.0 19422.0
0.0 1278.0 19452.0
0.0 1278.0 19482.1
0.0 1278.0 19511.9
0.0 1278.0 19541.7
0.0 1278.0 19571.4
0.0 1278.0 19601.2
0.0 1278.0 19630.9
0.0 1278.0 19660.5
0.0 1278.0 19690.7
0.0 1278.0 19720.4
0.0 1278.0 19750.1
0.0 1278.0 19780.7
0.0 1278.0 19811.0
0.0 1278.0 19840.8
0.0 1278.0 19871.0
0.0 1278.0 19901.2
0.0 1278.0 19930.9
0.0 1278.0 19960.7
0.0 1278.0 19991.0
0.0 1278.0 20020.8
0.0 1278.0 20050.9
0.0 1278.0 20080.9
0.0 1278.0 20110.4
0.0 1278.0 20140.0
0.0 1278.0 20169.3
0.0 1278.0 20199.3
0.0 1278.0 20229.3
0.0 1278.0 20259.1
0.0 1278.0 20289.1
0.0 1278.0 20319.0
0.0 1278.0 20348.7
0.0 1278.0 20378.7
0.0 1278.0 20409.2
0.0 1278.0 20439.0
0.0 1278.0 20468.9
0.0 1278.0 20499.8
0.0 1278.0 20530.5
0.0 1278.0 20560.5
0.0 1278.0 20590.2
0.0 1278.0 20620.1
0.0 1278.0 20650.1
0.0 1278.0 20680.9
0.0 1278.0 20711.0
0.0 1278.0 20741.3
0.0 1278.0 20771.7
0.0 1278.0 20801.3
0.0 1278.0 20831.4
0.0 1278.0 20860.9
0.0 1278.0 20890.3
0.0 1278.0 20920.8
0.0 1278.0 20951.5
0.0 1278.0 20981.3
0.0 1278.0 21011.8
0.0 1278.0 21041.8
0.0 1278.0 21071.3
0.0 1278.0 21101.2
0.0 1278.0 21131.7
0.0 1278.0 21162.0
0.0 1278.0 21191.7
0.0 1278.0 21221.5
0.0 1278.0 21251.4
0.0 1278.0 21281.2
0.0 1278.0 21311.4
0.0 1278.0 21341.1
0.0 1278.0 21371.2
0.0 1278.0 21401.4
0.0 1278.0 21431.3
0.0 1278.0 21461.1
0.0 1278.0 21491.0
0.0 1278.0 21520.9
0.0 1278.0 21550.8
0.0 1278.0 21582.2
0.0 1278.0 21612.0
0.0 1278.0 21641.9
0.0 1278.0 21672.1
0.0 1278.0 21701.8
0.0 1278.0 21731.6
0.0 1278.0 21761.9
0.0 1278.0 21791.9
0.0 1278.0 21821.2
0.0 1278.0 21851.1
0.0 1278.0 21880.9
0.0 1278.0 21910.9
0.0 1278.0 21940.7
0.0 1278.0 21970.4
0.0 1278.0 22000.3
0.0 1278.0 22030.3
0.0 1278.0 22060.1
0.0 1278.0 22089.7
0.0 1278.0 22119.5
0.0 1278.0 22149.3
0.0 1278.0 22179.1
0.0 1278.0 22208.3
0.0 1278.0 22237.7
0.0 1278.0 22267.5
0.0 1278.0 22297.2
0.0 1278.0 22327.1
0.0 1278.0 22357.0
0.0 1278.0 22386.7
0.0 1278.0 22416.3
0.0 1278.0 22445.8
0.0 1278.0 22475.8
0.0 1278.0 22505.7
0.0 1278.0 22535.9
0.0 1278.0 22565.3
0.0 1278.0 22594.8
0.0 1278.0 22624.4
0.0 1278.0 22654.2
0.0 1278.0 22684.1
0.0 1278.0 22714.1
0.0 1278.0 22743.5
0.0 1278.0 22773.4
0.0 1278.0 22803.1
0.0 1278.0 22832.7
0.0 1278.0 22862.2
0.0 1278.0 22892.1
0.0 1278.0 22922.1
0.0 1278.0 22951.3
0.0 1278.0 22981.1
0.0 1278.0 23010.4
0.0 1278.0 23039.8
0.0 1278.0 23069.3
0.0 1278.0 23099.2
0.0 1278.0 23128.5
0.0 1278.0 23158.3
0.0 1278.0 23187.8
0.0 1278.0 23217.4
0.0 1278.0 23247.1
0.0 1278.0 23276.6
0.0 1278.0 23306.4
0.0 1278.0 23336.2
0.0 1278.0 23365.7
0.0 1278.0 23395.6
0.0 1278.0 23425.5
0.0 1278.0 23454.9
0.0 1278.0 23484.3
0.0 1278.0 23513.9
0.0 1278.0 23543.5
0.0 1278.0 23573.3
0.0 1278.0 23602.7
0.0 1278.0 23632.2
0.0 1278.0 23661.7
0.0 1278.0 23691.2
0.0 1278.0 23720.3
0.0 1278.0 23750.2
0.0 1278.0 23779.7
0.0 1278.0 23809.5
0.0 1278.0 23839.8
0.0 1278.0 23869.5
0.0 1278.0 23898.8
0.0 1278.0 23928.3
0.0 1278.0 23957.9
0.0 1278.0 23987.2
0.0 1278.0 24017.0
0.0 1278.0 24046.8
0.0 1278.0 24076.8
0.0 1278.0 24106.5
0.0 1278.0 24136.5
0.0 1278.0 24166.8
0.0 1278.0 24197.2
0.0 1278.0 24227.3
0.0 1278.0 24257.1
0.0 1278.0 24287.2
0.0 1278.0 24317.8
0.0 1278.0 24348.1
0.0 1278.0 24378.2
0.0 1278.0 24407.8
0.0 1278.0 24437.9
0.0 1278.0 24467.8
0.0 1278.0 24498.1
0.0 1278.0 24527.7
0.0 1278.0 24557.5
0.0 1278.0 24587.0
0.0 1278.0 24617.0
0.0 1278.0 24646.7
0.0 1278.0 24676.9
0.0 1278.0 24706.7
0.0 1278.0 24736.6
0.0 1278.0 24766.8
0.0 1278.0 24796.8
0.0 1278.0 24826.3
0.0 1278.0 24856.1
0.0 1278.0 24886.0
0.0 1278.0 24915.5
0.0 1278.0 24945.2
0.0 1278.0 24975.1
0.0 1278.0 25005.0
0.0 1278.0 25034.3
0.0 1278.0 25064.3
0.0 1278.0 25094.2
0.0 1278.0 25123.6
0.0 1278.0 25154.1
0.0 1278.0 25184.4
0.0 1278.0 25214.5
0.0 1278.0 25244.3
0.0 1278.0 25274.0
0.0 1278.0 25304.2
0.0 1278.0 25333.8
0.0 1278.0 25363.2
0.0 1278.0 25392.8
0.0 1278.0 25422.7
0.0 1278.0 25452.5
0.0 1278.0 25482.3
0.0 1278.0 25512.4
0.0 1278.0 25542.3
0.0 1278.0 25572.3
0.0 1278.0 25602.7
0.0 1278.0 25632.9
0.0 1278.0 25663.0
0.0 1278.0 25692.8
0.0 1278.0 25722.7
0.0 1278.0 25752.9
0.0 1278.0 25782.9
0.0 1278.0 25813.3
0.0 1278.0 25842.9
0.0 1278.0 25872.8
0.0 1278.0 25902.7
0.0 1278.0 25932.4
0.0 1278.0 25961.8
0.0 1278.0 25991.7
0.0 1278.0 26021.4
0.0 1278.0 26050.9
0.0 1278.0 26080.9
0.0 1278.0 26111.6
0.0 1278.0 26141.4
0.0 1278.0 26171.3
0.0 1278.0 26201.7
0.0 1278.0 26231.4
0.0 1278.0 26261.0
0.0 1278.0 26290.8
0.0 1278.0 26320.5
0.0 1278.0 26350.3
0.0 1278.0 26379.8
0.0 1278.0 26409.8
0.0 1278.0 26439.5
0.0 1278.0 26469.4
0.0 1278.0 26499.3
0.0 1278.0 26529.6
0.0 1278.0 26559.4
0.0 1278.0 26588.9
0.0 1278.0 26618.5
0.0 1278.0 26648.6
0.0 1278.0 26678.1
0.0 1278.0 26707.6
0.0 1278.0 26737.6
0.0 1278.0 26767.6
0.0 1278.0 26797.4
0.0 1278.0 26827.4
0.0 1278.0 26856.9
0.0 1278.0 26886.7
0.0 1278.0 26916.5
0.0 1278.0 26946.4
0.0 1278.0 26976.2
0.0 1278.0 27006.4
0.0 1278.0 27036.2
0.0 1278.0 27066.1
0.0 1278.0 27095.7
0.0 1278.0 27125.5
0.0 1278.0 27155.2
0.0 1278.0 27184.6
0.0 1278.0 27214.0
0.0 1278.0 27243.3
0.0 1278.0 27273.2
0.0 1278.0 27302.9
0.0 1278.0 27332.8
0.0 1278.0 27362.5
0.0 1278.0 27391.9
0.0 1278.0 27421.6
0.0 1278.0 27451.2
0.0 1278.0 27481.3
0.0 1278.0 27511.1
0.0 1278.0 27541.0
0.0 1278.0 27570.7
0.0 1278.0 27600.4
0.0 1278.0 27629.8
0.0 1278.0 27660.7
0.0 1278.0 27690.6
0.0 1278.0 27720.3
0.0 1278.0 27750.1
0.0 1278.0 27794.4
0.0 1278.0 27825.6
0.0 1278.0 27855.6
0.0 1278.0 27885.2
0.0 1278.0 27914.9
0.0 1278.0 27944.3
0.0 1278.0 27973.7
0.0 1278.0 28003.5
0.0 1278.0 28033.1
0.0 1278.0 28062.4
0.0 1278.0 28092.2
0.0 1278.0 28122.2
0.0 1278.0 28151.5
0.0 1278.0 28180.9
0.0 1278.0 28210.7
0.0 1278.0 28240.4
0.0 1278.0 28269.8
0.0 1278.0 28299.3
0.0 1278.0 28329.4
0.0 1278.0 28359.6
0.0 1278.0 28389.4
0.0 1278.0 28419.1
0.0 1278.0 28449.1
0.0 1278.0 28478.8
0.0 1278.0 28508.3
0.0 1278.0 28538.0
0.0 1278.0 28567.1
0.0 1278.0 28596.5
0.0 1278.0 28626.4
0.0 1278.0 28656.2
0.0 1278.0 28685.7
0.0 1278.0 28715.0
0.0 1278.0 28744.6
0.0 1278.0 28774.0
0.0 1278.0 28803.9
0.0 1278.0 28833.8
0.0 1278.0 28863.6
0.0 1278.0 28893.2
0.0 1278.0 28922.5
0.0 1278.0 28951.7
0.0 1278.0 28981.4
0.0 1278.0 29010.6
0.0 1278.0 29040.0
0.0 1278.0 29069.3
0.0 1278.0 29099.0
0.0 1278.0 29128.5
0.0 1278.0 29157.9
0.0 1278.0 29187.3
0.0 1278.0 29217.1
0.0 1278.0 29246.7
0.0 1278.0 29276.1
0.0 1278.0 29305.5
0.0 1278.0 29335.4
0.0 1278.0 29365.1
0.0 1278.0 29394.5
0.0 1278.0 29423.8
0.0 1278.0 29453.8
0.0 1278.0 29483.1
0.0 1278.0 29512.5
0.0 1278.0 29542.3
0.0 1278.0 29572.0
0.0 1278.0 29601.5
0.0 1278.0 29631.0
0.0 1278.0 29660.6
0.0 1278.0 29690.0
0.0 1278.0 29719.5
0.0 1278.0 29748.8
0.0 1278.0 29778.2
0.0 1278.0 29807.8
0.0 1278.0 29837.5
0.0 1278.0 29867.2
0.0 1278.0 29897.2
0.0 1278.0 29927.4
0.0 1278.0 29957.2
0.0 1278.0 29986.9
0.0 1278.0 30016.8
0.0 1278.0 30046.8
0.0 1278.0 30076.3
0.0 1278.0 30106.1
0.0 1278.0 30135.6
0.0 1278.0 30165.3
0.0 1278.0 30194.9
0.0 1278.0 30224.4
0.0 1278.0 30254.2
0.0 1278.0 30283.5
0.0 1278.0 30312.8
0.0 1278.0 30342.5
0.0 1278.0 30372.1
0.0 1278.0 30401.4
0.0 1278.0 30432.6
0.0 1278.0 30462.4
0.0 1278.0 30491.4
0.0 1278.0 30521.0
0.0 1278.0 30550.4
0.0 1278.0 30580.0
0.0 1278.0 30609.7
0.0 1278.0 30639.1
0.0 1278.0 30669.2
0.0 1278.0 30698.7
0.0 1278.0 30728.2
0.0 1278.0 30757.7
0.0 1278.0 30787.3
0.0 1278.0 30819.1
0.0 1278.0 30849.9
0.0 1278.0 30879.8
0.0 1278.0 30909.6
0.0 1278.0 30939.1
0.0 1278.0 30968.9
0.0 1278.0 30998.8
0.0 1278.0 31028.6
0.0 1278.0 31058.2
0.0 1278.0 31088.2
0.0 1278.0 31118.0
0.0 1278.0 31149.8
0.0 1278.0 31179.3
0.0 1278.0 31208.9
0.0 1278.0 31238.2
0.0 1278.0 31267.9
0.0 1278.0 31297.7
0.0 1278.0 31327.5
0.0 1278.0 31357.1
0.0 1278.0 31386.8
0.0 1278.0 31416.5
0.0 1278.0 31445.8
0.0 1278.0 31475.4
0.0 1278.0 31505.2
0.0 1278.0 31534.7
0.0 1278.0 31564.2
0.0 1278.0 31594.0
0.0 1278.0 31623.8
0.0 1278.0 31653.2
0.0 1278.0 31683.0
0.0 1278.0 31712.8
0.0 1278.0 31742.6
0.0 1278.0 31774.5
0.0 1278.0 31805.5
0.0 1278.0 31835.1
0.0 1278.0 31864.9
0.0 1278.0 31894.7
0.0 1278.0 31924.2
0.0 1278.0 31954.1
0.0 1278.0 31983.6
0.0 1278.0 32013.9
0.0 1278.0 32043.6
0.0 1278.0 32073.4
0.0 1278.0 32103.6
0.0 1278.0 32133.1
0.0 1278.0 32162.9
0.0 1278.0 32192.6
0.0 1278.0 32222.2
0.0 1278.0 32252.3
0.0 1278.0 32282.2
0.0 1278.0 32312.0
0.0 1278.0 32341.9
0.0 1278.0 32371.6
0.0 1278.0 32401.2
0.0 1278.0 32431.2
0.0 1278.0 32460.8
0.0 1278.0 32490.4
0.0 1278.0 32519.8
0.0 1278.0 32549.3
0.0 1278.0 32578.7
0.0 1278.0 32608.0
0.0 1278.0 32637.6
0.0 1278.0 32667.1
0.0 1278.0 32696.6
0.0 1278.0 32726.0
0.0 1278.0 32755.6
0.0 1278.0 32785.1
0.0 1278.0 32814.6
0.0 1278.0 32844.0
0.0 1278.0 32873.6
0.0 1278.0 32903.6
0.0 1278.0 32933.4
0.0 1278.0 32963.0
0.0 1278.0 32992.4
0.0 1278.0 33022.0
0.0 1278.0 33051.4
0.0 1278.0 33081.0
0.0 1278.0 33110.4
0.0 1278.0 33140.2
0.0 1278.0 33169.8
0.0 1278.0 33199.0
0.0 1278.0 33228.4
0.0 1278.0 33258.0
0.0 1278.0 33287.6
0.0 1278.0 33317.1
0.0 1278.0 33346.6
0.0 1278.0 33376.2
0.0 1278.0 33405.7
0.0 1278.0 33435.3
0.0 1278.0 33465.1
0.0 1278.0 33494.6
0.0 1278.0 33524.2
0.0 1278.0 33553.9
0.0 1278.0 33583.3
0.0 1278.0 33612.9
0.0 1278.0 33643.2
0.0 1278.0 33673.0
0.0 1278.0 33702.8
0.0 1278.0 33732.7
0.0 1278.0 33762.3
0.0 1278.0 33792.0
0.0 1278.0 33822.0
0.0 1278.0 33851.7
0.0 1278.0 33881.1
0.0 1278.0 33910.4
0.0 1278.0 33940.3
0.0 1278.0 33970.1
0.0 1278.0 33999.4
0.0 1278.0 34029.2
0.0 1278.0 34060.3
0.0 1278.0 34090.4
0.0 1278.0 34120.1
0.0 1278.0 34150.3
0.0 1278.0 34179.6
0.0 1278.0 34209.8
0.0 1278.0 34239.4
0.0 1278.0 34269.1
0.0 1278.0 34298.6
0.0 1278.0 34328.3
0.0 1278.0 34357.9
0.0 1278.0 34387.7
0.0 1278.0 34417.2
0.0 1278.0 34446.6
0.0 1278.0 34476.2
0.0 1278.0 34505.7
0.0 1278.0 34535.3
0.0 1278.0 34565.0
0.0 1278.0 34594.8
0.0 1278.0 34624.5
0.0 1278.0 34654.2
0.0 1278.0 34683.9
0.0 1278.0 34713.6
0.0 1278.0 34743.2
0.0 1278.0 34772.6
0.0 1278.0 34802.4
0.0 1278.0 34831.8
0.0 1278.0 34861.5
0.0 1278.0 34891.1
0.0 1278.0 34920.6
0.0 1278.0 34950.1
0.0 1278.0 34979.7
0.0 1278.0 35009.1
0.0 1278.0 35038.3
0.0 1278.0 35067.5
0.0 1278.0 35097.1
0.0 1278.0 35126.5
0.0 1278.0 35155.8
0.0 1278.0 35185.1
0.0 1278.0 35214.5
0.0 1278.0 35244.1
0.0 1278.0 35273.6
0.0 1278.0 35303.2
0.0 1278.0 35332.4
0.0 1278.0 35361.8
0.0 1278.0 35391.5
0.0 1278.0 35420.8
0.0 1278.0 35450.1
0.0 1278.0 35479.3
0.0 1278.0 35508.6
0.0 1278.0 35537.9
0.0 1278.0 35567.0
0.0 1278.0 35596.6
0.0 1278.0 35626.5
0.0 1278.0 35656.3
0.0 1278.0 35686.1
0.0 1278.0 35715.6
0.0 1278.0 35745.4
0.0 1278.0 35774.9
0.0 1278.0 35804.5
0.0 1278.0 35834.5
0.0 1278.0 35864.8
0.0 1278.0 35894.5
0.0 1278.0 35924.5
0.0 1278.0 35954.1
0.0 1278.0 35984.0
0.0 1278.0 36013.4
0.0 1278.0 36043.2
0.0 1278.0 36072.8
0.0 1278.0 36102.6
0.0 1278.0 36132.6
0.0 1278.0 36162.2
0.0 1278.0 36191.6
0.0 1278.0 36220.9
0.0 1278.0 36250.6
0.0 1278.0 36280.0
0.0 1278.0 36309.6
0.0 1278.0 36339.3
0.0 1278.0 36368.9
0.0 1278.0 36398.2
0.0 1278.0 36427.6
0.0 1278.0 36457.0
0.0 1278.0 36486.6
0.0 1278.0 36516.2
0.0 1278.0 36545.9
0.0 1278.0 36575.8
0.0 1278.0 36605.2
0.0 1278.0 36634.7
0.0 1278.0 36664.6
0.0 1278.0 36694.1
0.0 1278.0 36723.6
0.0 1278.0 36753.3
0.0 1278.0 36782.7
0.0 1278.0 36812.2
0.0 1278.0 36841.7
0.0 1278.0 36871.6
0.0 1278.0 36901.7
0.0 1278.0 36931.4
0.0 1278.0 36960.7
0.0 1278.0 36990.3
0.0 1278.0 37020.2
0.0 1278.0 37049.6
0.0 1278.0 37079.4
0.0 1278.0 37108.7
0.0 1278.0 37138.3
0.0 1278.0 37168.8
0.0 1278.0 37199.0
0.0 1278.0 37229.0
0.0 1278.0 37259.0
0.0 1278.0 37288.4
0.0 1278.0 37318.0
0.0 1278.0 37347.7
0.0 1278.0 37377.2
0.0 1278.0 37406.9
0.0 1278.0 37436.5
0.0 1278.0 37465.9
0.0 1278.0 37495.8
0.0 1278.0 37525.5
0.0 1278.0 37555.3
0.0 1278.0 37585.1
0.0 1278.0 37615.2
0.0 1278.0 37645.0
0.0 1278.0 37674.6
0.0 1278.0 37704.7
0.0 1278.0 37734.5
0.0 1278.0 37764.4
0.0 1278.0 37794.0
0.0 1278.0 37823.7
0.0 1278.0 37853.3
0.0 1278.0 37883.3
0.0 1278.0 37913.0
0.0 1278.0 37942.8
0.0 1278.0 37972.6
0.0 1278.0 38002.2
0.0 1278.0 38031.8
0.0 1278.0 38061.2
0.0 1278.0 38090.6
0.0 1278.0 38119.9
0.0 1278.0 38149.6
0.0 1278.0 38179.4
0.0 1278.0 38209.1
0.0 1278.0 38238.5
0.0 1278.0 38267.8
0.0 1278.0 38297.3
0.0 1278.0 38327.3
0.0 1278.0 38356.7
0.0 1278.0 38386.3
0.0 1278.0 38415.8
0.0 1278.0 38445.4
0.0 1278.0 38475.0
0.0 1278.0 38504.4
0.0 1278.0 38534.1
0.0 1278.0 38563.6
0.0 1278.0 38593.1
0.0 1278.0 38623.6
0.0 1278.0 38652.9
0.0 1278.0 38682.9
0.0 1278.0 38712.3
0.0 1278.0 38742.0
0.0 1278.0 38771.7
0.0 1278.0 38801.0
0.0 1278.0 38830.6
0.0 1278.0 38860.3
0.0 1278.0 38890.0
0.0 1278.0 38919.9
0.0 1278.0 38949.6
0.0 1278.0 38979.1
0.0 1278.0 39008.9
0.0 1278.0 39038.8
0.0 1278.0 39068.8
0.0 1278.0 39098.7
0.0 1278.0 39128.3
0.0 1278.0 39158.0
0.0 1278.0 39187.8
0.0 1278.0 39217.6
0.0 1278.0 39247.3
0.0 1278.0 39277.1
0.0 1278.0 39306.6
0.0 1278.0 39336.5
0.0 1278.0 39365.9
0.0 1278.0 39395.5
0.0 1278.0 39425.5
0.0 1278.0 39455.2
0.0 1278.0 39484.8
0.0 1278.0 39514.3
0.0 1278.0 39544.1
0.0 1278.0 39574.2
0.0 1278.0 39604.2
0.0 1278.0 39633.8
0.0 1278.0 39663.5
0.0 1278.0 39693.1
0.0 1278.0 39722.8
0.0 1278.0 39752.2
0.0 1278.0 39782.1
0.0 1278.0 39811.9
0.0 1278.0 39841.7
0.0 1278.0 39871.5
0.0 1278.0 39900.9
0.0 1278.0 39930.5
0.0 1278.0 39960.1
0.0 1278.0 39989.7
0.0 1278.0 40019.1
0.0 1278.0 40048.5
0.0 1278.0 40078.5
0.0 1278.0 40108.1
0.0 1278.0 40137.4
0.0 1278.0 40166.9
0.0 1278.0 40196.4
0.0 1278.0 40225.9
0.0 1278.0 40255.6
0.0 1278.0 40285.4
0.0 1278.0 40315.1
0.0 1278.0 40345.0
0.0 1278.0 40374.4
0.0 1278.0 40404.5
0.0 1278.0 40434.3
0.0 1278.0 40464.1
0.0 1278.0 40493.6
0.0 1278.0 40523.7
0.0 1278.0 40553.5
0.0 1278.0 40583.1
0.0 1278.0 40612.9
0.0 1278.0 40642.5
0.0 1278.0 40672.3
0.0 1278.0 40702.2
0.0 1278.0 40731.7
0.0 1278.0 40761.1
0.0 1278.0 40790.7
0.0 1278.0 40820.0
0.0 1278.0 40849.6
0.0 1278.0 40879.4
0.0 1278.0 40909.1
0.0 1278.0 40938.8
0.0 1278.0 40968.6
0.0 1278.0 40998.0
0.0 1278.0 41028.0
0.0 1278.0 41057.6
0.0 1278.0 41087.0
0.0 1278.0 41116.7
0.0 1278.0 41145.9
0.0 1278.0 41175.3
0.0 1278.0 41204.9
0.0 1278.0 41234.5
0.0 1278.0 41264.4
0.0 1278.0 41293.9
0.0 1278.0 41323.7
0.0 1278.0 41353.2
0.0 1278.0 41383.0
0.0 1278.0 41412.4
0.0 1278.0 41442.2
0.0 1278.0 41471.8
0.0 1278.0 41501.2
0.0 1278.0 41531.1
0.0 1278.0 41560.5
0.0 1278.0 41590.2
0.0 1278.0 41619.6
0.0 1278.0 41649.0
0.0 1278.0 41679.0
0.0 1278.0 41708.3
0.0 1278.0 41738.1
0.0 1278.0 41767.5
0.0 1278.0 41796.5
0.0 1278.0 41826.2
0.0 1278.0 41855.6
0.0 1278.0 41885.1
0.0 1278.0 41915.0
0.0 1278.0 41944.8
0.0 1278.0 41974.3
0.0 1278.0 42004.0
0.0 1278.0 42033.6
0.0 1278.0 42063.2
0.0 1278.0 42093.0
0.0 1278.0 42122.3
0.0 1278.0 42152.1
0.0 1278.0 42181.4
0.0 1278.0 42211.1
0.0 1278.0 42240.5
0.0 1278.0 42270.0
0.0 1278.0 42299.6
0.0 1278.0 42329.0
0.0 1278.0 42358.8
0.0 1278.0 42388.2
0.0 1278.0 42417.9
0.0 1278.0 42447.3
0.0 1278.0 42476.9
0.0 1278.0 42506.7
0.0 1278.0 42536.5
0.0 1278.0 42566.0
0.0 1278.0 42595.5
0.0 1278.0 42625.2
0.0 1278.0 42654.8
0.0 1278.0 42684.2
0.0 1278.0 42713.9
0.0 1278.0 42743.5
0.0 1278.0 42772.7
0.0 1278.0 42802.3
0.0 1278.0 42832.1
0.0 1278.0 42861.6
0.0 1278.0 42891.0
0.0 1278.0 42920.7
0.0 1278.0 42950.2
0.0 1278.0 42980.0
0.0 1278.0 43009.3
0.0 1278.0 43039.1
0.0 1278.0 43068.5
0.0 1278.0 43098.3
0.0 1278.0 43127.8
0.0 1278.0 43157.6
0.0 1278.0 43186.9
0.0 1278.0 43216.5
0.0 1278.0 43246.2
0.0 1278.0 43275.9
0.0 1278.0 43305.2
0.0 1278.0 43334.6
0.0 1278.0 43364.6
0.0 1278.0 43394.8
0.0 1278.0 43424.5
0.0 1278.0 43454.8
0.0 1278.0 43484.4
0.0 1278.0 43513.9
0.0 1278.0 43543.9
0.0 1278.0 43573.5
0.0 1278.0 43603.0
0.0 1278.0 43632.7
0.0 1278.0 43662.0
0.0 1278.0 43691.7
0.0 1278.0 43721.1
0.0 1278.0 43750.6
0.0 1278.0 43780.1
0.0 1278.0 43809.5
0.0 1278.0 43838.8
0.0 1278.0 43868.5
0.0 1278.0 43898.3
0.0 1278.0 43928.1
0.0 1278.0 43958.0
0.0 1278.0 43987.6
0.0 1278.0 44017.1
0.0 1278.0 44046.6
0.0 1278.0 44076.6
0.0 1278.0 44106.1
0.0 1278.0 44135.6
0.0 1278.0 44165.2
0.0 1278.0 44194.5
0.0 1278.0 44224.1
0.0 1278.0 44253.7
0.0 1278.0 44283.5
0.0 1278.0 44312.9
0.0 1278.0 44342.5
0.0 1278.0 44372.2
0.0 1278.0 44402.1
0.0 1278.0 44431.4
0.0 1278.0 44461.0
0.0 1278.0 44491.5
0.0 1278.0 44521.1
0.0 1278.0 44550.9
0.0 1278.0 44580.6
0.0 1278.0 44610.6
0.0 1278.0 44640.0
0.0 1278.0 44669.3
0.0 1278.0 44698.8
0.0 1278.0 44728.4
0.0 1278.0 44758.0
0.0 1278.0 44787.9
0.0 1278.0 44817.4
0.0 1278.0 44847.1
0.0 1278.0 44876.4
0.0 1278.0 44906.5
0.0 1278.0 44935.9
0.0 1278.0 44965.4
0.0 1278.0 44995.0
0.0 1278.0 45024.8
0.0 1278.0 45054.7
0.0 1278.0 45084.1
0.0 1278.0 45113.5
0.0 1278.0 45142.8
0.0 1278.0 45172.3
0.0 1278.0 45202.0
0.0 1278.0 45231.8
0.0 1278.0 45261.4
0.0 1278.0 45291.1
0.0 1278.0 45320.5
0.0 1278.0 45350.1
0.0 1278.0 45379.1
0.0 1278.0 45408.6
0.0 1278.0 45438.3
0.0 1278.0 45467.7
0.0 1278.0 45497.1
0.0 1278.0 45526.9
0.0 1278.0 45556.7
0.0 1278.0 45586.3
0.0 1278.0 45615.8
0.0 1278.0 45645.4
0.0 1278.0 45675.0
0.0 1278.0 45704.1
0.0 1278.0 45733.8
0.0 1278.0 45763.7
0.0 1278.0 45793.2
0.0 1278.0 45822.7
0.0 1278.0 45852.1
0.0 1278.0 45881.6
0.0 1278.0 45911.9
0.0 1278.0 45941.5
0.0 1278.0 45971.1
0.0 1278.0 46000.8
0.0 1278.0 46030.3
0.0 1278.0 46060.1
0.0 1278.0 46089.7
0.0 1278.0 46119.2
0.0 1278.0 46149.1
0.0 1278.0 46178.9
0.0 1278.0 46208.7
0.0 1278.0 46238.7
0.0 1278.0 46268.4
0.0 1278.0 46297.8
0.0 1278.0 46327.3
0.0 1278.0 46356.9
0.0 1278.0 46386.4
0.0 1278.0 46416.0
0.0 1278.0 46445.7
0.0 1278.0 46475.5
0.0 1278.0 46504.7
0.0 1278.0 46534.5
0.0 1278.0 46563.8
0.0 1278.0 46593.6
0.0 1278.0 46623.1
0.0 1278.0 46652.9
0.0 1278.0 46682.7
0.0 1278.0 46712.1
0.0 1278.0 46742.0
0.0 1278.0 46772.0
0.0 1278.0 46801.8
0.0 1278.0 46831.7
0.0 1278.0 46861.3
0.0 1278.0 46890.8
0.0 1278.0 46920.4
0.0 1278.0 46950.2
0.0 1278.0 46980.0
0.0 1278.0 47009.5
0.0 1278.0 47039.3
0.0 1278.0 47068.9
0.0 1278.0 47098.4
0.0 1278.0 47127.9
0.0 1278.0 47157.3
0.0 1278.0 47187.1
0.0 1278.0 47216.9
0.0 1278.0 47246.8
0.0 1278.0 47276.2
0.0 1278.0 47306.0
0.0 1278.0 47335.7
0.0 1278.0 47365.3
0.0 1278.0 47395.1
0.0 1278.0 47424.4
0.0 1278.0 47454.1
0.0 1278.0 47484.0
0.0 1278.0 47513.5
0.0 1278.0 47542.8
0.0 1278.0 47572.5
0.0 1278.0 47602.1
0.0 1278.0 47631.3
0.0 1278.0 47660.9
0.0 1278.0 47690.5
0.0 1278.0 47719.9
0.0 1278.0 47749.6
0.0 1278.0 47779.4
0.0 1278.0 47809.1
0.0 1278.0 47838.5
0.0 1278.0 47868.0
0.0 1278.0 47897.7
0.0 1278.0 47927.2
0.0 1278.0 47957.0
0.0 1278.0 47986.7
0.0 1278.0 48016.2
0.0 1278.0 48046.0
0.0 1278.0 48075.4
0.0 1278.0 48104.8
0.0 1278.0 48134.1
0.0 1278.0 48163.7
0.0 1278.0 48193.3
0.0 1278.0 48222.9
0.0 1278.0 48252.4
0.0 1278.0 48281.9
0.0 1278.0 48311.3
0.0 1278.0 48340.9
0.0 1278.0 48370.2
0.0 1278.0 48400.1
0.0 1278.0 48429.4
0.0 1278.0 48459.2
0.0 1278.0 48488.6
0.0 1278.0 48518.1
0.0 1278.0 48547.5
0.0 1278.0 48577.1
0.0 1278.0 48606.6
0.0 1278.0 48636.1
0.0 1278.0 48665.8
0.0 1278.0 48695.4
0.0 1278.0 48725.0
0.0 1278.0 48754.8
0.0 1278.0 48784.2
0.0 1278.0 48814.3
0.0 1278.0 48844.0
0.0 1278.0 48873.6
0.0 1278.0 48903.5
0.0 1278.0 48933.0
0.0 1278.0 48962.7
0.0 1278.0 48992.3
0.0 1278.0 49021.9
0.0 1278.0 49051.7
0.0 1278.0 49081.1
0.0 1278.0 49111.0
0.0 1278.0 49140.3
0.0 1278.0 49169.8
0.0 1278.0 49199.3
0.0 1278.0 49229.1
0.0 1278.0 49258.7
0.0 1278.0 49288.1
0.0 1278.0 49318.0
0.0 1278.0 49347.8
0.0 1278.0 49377.4
0.0 1278.0 49407.1
0.0 1278.0 49436.8
0.0 1278.0 49466.7
0.0 1278.0 49495.9
0.0 1278.0 49525.6
0.0 1278.0 49555.0
0.0 1278.0 49584.3
0.0 1278.0 49613.9
0.0 1278.0 49643.4
0.0 1278.0 49672.8
0.0 1278.0 49702.4
0.0 1278.0 49732.0
0.0 1278.0 49761.5
0.0 1278.0 49790.8
0.0 1278.0 49820.3
0.0 1278.0 49850.0
0.0 1278.0 49879.5
0.0 1278.0 49908.6
0.0 1278.0 49938.5
0.0 1278.0 49968.2
0.0 1278.0 49997.6
0.0 1278.0 50027.1
0.0 1278.0 50056.9
0.0 1278.0 50086.5
0.0 1278.0 50116.5
0.0 1278.0 50146.3
0.0 1278.0 50176.0
0.0 1278.0 50205.4
0.0 1278.0 50235.0
0.0 1278.0 50264.4
0.0 1278.0 50293.8
0.0 1278.0 50321.7
0.0 1278.0 50351.6
0.0 1278.0 50382.1
0.0 1278.0 50411.7
0.0 1278.0 50441.5
0.0 1278.0 50470.4
0.0 1278.0 50500.4
0.0 1278.0 50530.1
0.0 1278.0 50560.2
0.0 1278.0 50588.7
0.0 1278.0 50618.2
0.0 1278.0 50647.9
0.0 1278.0 50678.7
0.0 1278.0 50707.2
0.0 1278.0 50736.5
0.0 1278.0 50767.1
0.0 1278.0 50797.1
0.0 1278.0 50825.8
0.0 1278.0 50856.0
0.0 1278.0 50884.8
0.0 1278.0 50914.7
0.0 1278.0 50944.0
0.0 1278.0 50972.9
0.0 1278.0 51001.9
0.0 1278.0 51031.8
0.0 1278.0 51062.5
0.0 1278.0 51091.2
0.0 1278.0 51120.6
0.0 1278.0 51150.8
0.0 1278.0 51179.1
0.0 1278.0 51209.0
0.0 1278.0 51238.8
0.0 1278.0 51268.7
0.0 1278.0 51297.0
0.0 1278.0 51326.6
0.0 1278.0 51355.9
0.0 1278.0 51385.0
0.0 1278.0 51414.7
0.0 1278.0 51444.1
0.0 1278.0 51474.4
0.0 1278.0 51504.6
0.0 1278.0 51533.0
0.0 1278.0 51563.6
0.0 1278.0 51592.1
0.0 1278.0 51621.9
0.0 1278.0 51651.3
0.0 1278.0 51681.8
0.0 1278.0 51710.8
0.0 1278.0 51740.1
0.0 1278.0 51769.7
0.0 1278.0 51800.5
0.0 1278.0 51829.8
0.0 1278.0 51859.4
0.0 1278.0 51889.0
0.0 1278.0 51918.9
0.0 1278.0 51949.1
0.0 1278.0 51978.7
0.0 1278.0 52008.6
0.0 1278.0 52038.8
0.0 1278.0 52067.3
0.0 1278.0 52097.0
0.0 1278.0 52126.5
0.0 1278.0 52155.4
0.0 1278.0 52186.0
0.0 1278.0 52215.5
0.0 1278.0 52245.0
0.0 1278.0 52274.6
0.0 1278.0 52304.4
0.0 1278.0 52332.6
0.0 1278.0 52363.4
0.0 1278.0 52392.5
0.0 1278.0 52422.0
0.0 1278.0 52451.0
0.0 1278.0 52480.9
0.0 1278.0 52510.7
0.0 1278.0 52540.2
0.0 1278.0 52568.7
0.0 1278.0 52598.5
0.0 1278.0 52627.9
0.0 1278.0 52656.5
0.0 1278.0 52685.9
0.0 1278.0 52715.6
0.0 1278.0 52746.7
0.0 1278.0 52776.2
0.0 1278.0 52805.5
0.0 1278.0 52834.7
0.0 1278.0 52864.5
0.0 1278.0 52894.1
0.0 1278.0 52923.7
0.0 1278.0 52953.1
0.0 1278.0 52982.3
0.0 1278.0 53011.7
0.0 1278.0 53041.1
0.0 1278.0 53070.5
0.0 1278.0 53098.6
0.0 1278.0 53128.5
0.0 1278.0 53159.5
0.0 1278.0 53187.9
0.0 1278.0 53218.3
0.0 1278.0 53246.7
0.0 1278.0 53276.2
0.0 1278.0 53305.9
0.0 1278.0 53335.6
0.0 1278.0 53365.3
0.0 1278.0 53395.6
0.0 1278.0 53424.5
0.0 1278.0 53454.2
0.0 1278.0 53483.6
0.0 1278.0 53513.4
0.0 1278.0 53543.4
0.0 1278.0 53572.9
0.0 1278.0 53601.4
0.0 1278.0 53631.1
0.0 1278.0 53660.9
0.0 1278.0 53689.5
0.0 1278.0 53719.4
0.0 1278.0 53750.1
0.0 1278.0 53779.5
0.0 1278.0 53809.3
0.0 1278.0 53837.9
0.0 1278.0 53868.6
0.0 1278.0 53898.2
0.0 1278.0 53927.4
0.0 1278.0 53957.7
0.0 1278.0 53985.7
0.0 1278.0 54015.3
0.0 1278.0 54044.8
0.0 1278.0 54075.3
0.0 1278.0 54103.8
0.0 1278.0 54133.7
0.0 1278.0 54164.1
0.0 1278.0 54192.3
0.0 1278.0 54221.6
0.0 1278.0 54252.4
0.0 1278.0 54281.4
0.0 1278.0 54311.4
0.0 1278.0 54339.3
0.0 1278.0 54368.9
0.0 1278.0 54399.1
0.0 1278.0 54429.2
0.0 1278.0 54457.4
0.0 1278.0 54486.7
0.0 1278.0 54516.6
0.0 1278.0 54546.3
0.0 1278.0 54576.5
0.0 1278.0 54605.9
0.0 1278.0 54634.4
0.0 1278.0 54663.9
0.0 1278.0 54694.3
0.0 1278.0 54723.9
0.0 1278.0 54753.6
0.0 1278.0 54783.9
0.0 1278.0 54813.0
0.0 1278.0 54842.7
0.0 1278.0 54872.5
0.0 1278.0 54900.9
0.0 1278.0 54930.5
0.0 1278.0 54961.5
0.0 1278.0 54990.9
0.0 1278.0 55020.3
0.0 1278.0 55049.2
0.0 1278.0 55079.0
0.0 1278.0 55109.0
0.0 1278.0 55138.6
0.0 1278.0 55166.7
0.0 1278.0 55196.6
0.0 1278.0 55227.1
0.0 1278.0 55255.3
0.0 1278.0 55286.2
0.0 1278.0 55314.4
0.0 1278.0 55345.2
0.0 1278.0 55373.5
0.0 1278.0 55403.1
0.0 1278.0 55433.3
0.0 1278.0 55463.0
0.0 1278.0 55492.7
0.0 1278.0 55522.8
0.0 1278.0 55551.3
0.0 1278.0 55581.4
0.0 1278.0 55610.9
0.0 1278.0 55641.1
0.0 1278.0 55670.2
0.0 1278.0 55700.1
0.0 1278.0 55729.6
0.0 1278.0 55759.2
0.0 1278.0 55788.3
0.0 1278.0 55818.2
0.0 1278.0 55847.1
0.0 1278.0 55876.7
0.0 1278.0 55906.3
0.0 1278.0 55935.9
0.0 1278.0 55965.4
0.0 1278.0 55994.9
0.0 1278.0 56024.4
0.0 1278.0 56053.2
0.0 1278.0 56083.1
0.0 1278.0 56112.9
0.0 1278.0 56141.3
0.0 1278.0 56171.1
0.0 1278.0 56200.6
0.0 1278.0 56231.0
0.0 1278.0 56259.1
0.0 1278.0 56288.7
0.0 1278.0 56318.4
0.0 1278.0 56349.3
0.0 1278.0 56377.9
0.0 1278.0 56407.8
0.0 1278.0 56437.6
0.0 1278.0 56467.8
0.0 1278.0 56497.8
0.0 1278.0 56528.5
0.0 1278.0 56557.8
0.0 1278.0 56587.4
0.0 1278.0 56615.8
0.0 1278.0 56647.0
0.0 1278.0 56675.2
0.0 1278.0 56706.1
0.0 1278.0 56735.5
0.0 1278.0 56765.9
0.0 1278.0 56794.5
0.0 1278.0 56825.8
0.0 1278.0 56855.3
0.0 1278.0 56886.3
0.0 1278.0 56915.3
0.0 1278.0 56945.0
0.0 1278.0 56975.4
0.0 1278.0 57005.2
0.0 1278.0 57035.8
0.0 1278.0 57064.7
0.0 1278.0 57094.0
0.0 1278.0 57124.2
0.0 1278.0 57154.4
0.0 1278.0 57183.1
0.0 1278.0 57213.2
0.0 1278.0 57244.1
0.0 1278.0 57272.7
0.0 1278.0 57302.5
0.0 1278.0 57332.6
0.0 1278.0 57362.2
0.0 1278.0 57390.5
0.0 1278.0 57420.8
0.0 1278.0 57450.3
0.0 1278.0 57480.0
0.0 1278.0 57509.6
0.0 1278.0 57539.4
0.0 1278.0 57568.4
0.0 1278.0 57599.2
0.0 1278.0 57627.7
0.0 1278.0 57657.2
0.0 1278.0 57687.2
0.0 1278.0 57717.1
0.0 1278.0 57748.2
0.0 1278.0 57777.3
0.0 1278.0 57807.2
0.0 1278.0 57590.333333333336
0.0 1278.0 57618.666666666664
0.0 1278.0 57648.22222222222
0.0 1278.0 57678.0
0.0 1278.0 57707.444444444445
0.0 1278.0 57737.0
0.0 1278.0 57766.444444444445
0.0 1278.0 57796.555555555555
0.0 1278.0 57824.333333333336
0.0 1278.0 57855.666666666664
0.0 1278.0 57885.11111111111
0.0 1278.0 57914.22222222222
0.0 1278.0 57944.11111111111
0.0 1278.0 57971.77777777778
0.0 1278.0 58001.88888888889
0.0 1278.0 58031.88888888889
0.0 1278.0 58060.444444444445
0.0 1278.0 58090.77777777778
0.0 1278.0 58119.88888888889
0.0 1278.0 58149.666666666664
0.0 1278.0 58179.333333333336
0.0 1278.0 58208.77777777778
0.0 1278.0 58237.444444444445
0.0 1278.0 58267.11111111111
0.0 1278.0 58297.22222222222
0.0 1278.0 58327.11111111111
0.0 1278.0 58144.25
0.0 1278.0 58173.25
0.0 1278.0 58202.625
0.0 1278.0 58232.125
0.0 1278.0 58261.625
0.0 1278.0 58290.875
0.0 1278.0 58320.25
0.0 1278.0 58349.5
0.0 1278.0 58379.0
0.0 1278.0 58408.625
0.0 1278.0 58438.25
0.0 1278.0 58467.625
0.0 1278.0 58496.75
0.0 1278.0 58526.125
0.0 1278.0 58555.75
0.0 1278.0 58585.0
0.0 1278.0 58614.625
0.0 1278.0 58644.25
0.0 1278.0 58674.125
0.0 1278.0 58703.5
0.0 1278.0 58733.0
0.0 1278.0 58762.375
0.0 1278.0 58791.625
0.0 1278.0 58821.25
0.0 1278.0 58850.5
0.0 1278.0 58879.75
0.0 1278.0 58909.375
0.0 1278.0 58938.5
0.0 1278.0 58967.875
0.0 1278.0 58997.375
0.0 1278.0 59026.75
0.0 1278.0 59056.125
0.0 1278.0 58950.0
0.0 1278.0 58979.0
0.0 1278.0 59008.28571428572
0.0 1278.0 59037.71428571428
0.0 1278.0 59067.42857142857
0.0 1278.0 59096.57142857143
0.0 1278.0 59125.857142857145
0.0 1278.0 59155.57142857143
0.0 1278.0 59188.0
0.0 1278.0 59218.0
0.0 1278.0 59247.42857142857
0.0 1278.0 59276.71428571428
0.0 1278.0 59184.166666666664
0.0 1278.0 59213.666666666664
0.0 1278.0 59242.833333333336
0.0 1278.0 59271.666666666664
0.0 1278.0 59301.333333333336
0.0 1278.0 59331.0
0.0 1278.0 59360.5
0.0 1278.0 59390.0
0.0 1278.0 59419.5
0.0 1278.0 59449.0
0.0 1278.0 59367.6
0.0 1278.0 59397.4
0.0 1278.0 59426.4
0.0 1278.0 59456.0
0.0 1278.0 59485.2
0.0 1278.0 59514.4
0.0 1278.0 59419.25
0.0 1278.0 59448.25
0.0 1278.0 59477.25
0.0 1278.0 59506.5
0.0 1278.0 59535.5
0.0 1278.0 59564.75
0.0 1278.0 59594.0
0.0 1278.0 59623.25
0.0 1278.0 59652.25
0.0 1278.0 59681.25
0.0 1278.0 59710.25
0.0 1278.0 59739.25
0.0 1278.0 59768.25
0.0 1278.0 59717.666666666664
0.0 1278.0 59746.333333333336
0.0 1278.0 59775.333333333336
0.0 1278.0 59804.666666666664
0.0 1278.0 59833.666666666664
0.0 1278.0 59863.0
0.0 1278.0 59892.333333333336
0.0 1278.0 59921.333333333336
0.0 1278.0 59905.0
0.0 1278.0 59934.5
0.0 1278.0 59963.0
0.0 1278.0 59993.0
0.0 1278.0 59999.0
0.0 1278.0 60028.0
