0.05890259269158806 27731.6 2481.6
0.05752415136125853 27695.5 4959.1
0.05742105464126159 27692.8 7443.0
0.05699339417312612 27681.6 9925.4
0.056718469586467604 27674.4 12404.5
0.056577188896101416 27670.7 14887.7
0.056577188896101416 27670.7 17368.5
0.056577188896101416 27670.7 19852.1
0.056577188896101416 27670.7 22333.7
0.056561915307953715 27670.3 24818.1
0.05648554736721524 27668.3 27297.8
0.05610370766352285 27658.3 29778.6
0.056015884531673596 27656.0 32260.4
0.05590896941463973 27653.2 34745.7
0.05590896941463973 27653.2 37231.7
0.05590896941463973 27653.2 39709.7
0.05590896941463973 27653.2 42196.2
0.05590896941463973 27653.2 44675.4
0.055809691091679714 27650.6 47159.9
0.05551567451983658 27642.9 49637.2
0.055397304211691936 27639.8 52117.4
0.05517583718355035 27634.0 54610.0
0.05510710603688571 27632.2 57091.1
0.05510710603688571 27632.2 59574.2
0.05508801405170109 27631.7 62052.9
