0.02281921618204804 1618.1 55.7
0.019279393173198482 1612.5 110.0
0.01814159292035398 1610.7 166.5
0.01788874841972187 1610.3 221.7
0.016118836915297093 1607.5 276.7
0.015613147914032868 1606.7 330.7
0.013716814159292035 1603.7 386.5
0.013147914032869783 1602.8 440.2
0.013147914032869783 1602.8 496.1
0.012452591656131478 1601.7 551.8
0.011378002528445005 1600.0 607.1
0.011125158027812896 1599.6 660.9
0.011125158027812896 1599.6 717.5
0.011125158027812896 1599.6 772.3
0.011125158027812896 1599.6 827.1
0.0106826801517067 1598.9 884.9
0.0106826801517067 1598.9 938.9
0.0106826801517067 1598.9 994.2
0.0106826801517067 1598.9 1049.7
0.0106826801517067 1598.9 1106.5
0.0106826801517067 1598.9 1162.0
0.0106826801517067 1598.9 1217.4
0.010366624525916562 1598.4 1272.5
0.010366624525916562 1598.4 1328.4
0.010240202275600508 1598.2 1383.7
0.009987357774968396 1597.8 1439.4
0.009987357774968396 1597.8 1495.0
0.009987357774968396 1597.8 1551.8
0.009987357774968396 1597.8 1607.6
0.009734513274336285 1597.4 1663.0
0.009481668773704172 1597.0 1717.7
0.009481668773704172 1597.0 1772.9
0.00897597977243995 1596.2 1828.7
0.008912768647281922 1596.1 1883.5
0.008849557522123895 1596.0 1938.9
0.008849557522123895 1596.0 1994.5
0.008723135271807838 1595.8 2049.7
0.008723135271807838 1595.8 2103.4
0.008723135271807838 1595.8 2158.4
0.008723135271807838 1595.8 2212.3
0.008723135271807838 1595.8 2268.5
0.008723135271807838 1595.8 2323.0
0.008723135271807838 1595.8 2377.8
0.008723135271807838 1595.8 2433.6
0.008723135271807838 1595.8 2489.1
0.008723135271807838 1595.8 2544.2
0.008723135271807838 1595.8 2599.9
0.00777496839443742 1594.3 2654.8
0.00777496839443742 1594.3 2710.3
0.00777496839443742 1594.3 2766.2
0.007648546144121365 1594.1 2824.5
0.007648546144121365 1594.1 2879.9
0.007648546144121365 1594.1 2937.7
0.007648546144121365 1594.1 2992.4
0.007648546144121365 1594.1 3053.0
0.007648546144121365 1594.1 3110.4
0.007648546144121365 1594.1 3165.7
0.007522123893805309 1593.9 3221.9
0.007522123893805309 1593.9 3277.9
0.007142857142857143 1593.3 3335.2
0.00695322376738306 1593.0 3392.1
0.00695322376738306 1593.0 3451.3
0.00695322376738306 1593.0 3508.4
0.00695322376738306 1593.0 3566.1
0.00695322376738306 1593.0 3622.1
0.00695322376738306 1593.0 3675.7
0.00695322376738306 1593.0 3733.4
0.00695322376738306 1593.0 3789.6
0.00695322376738306 1593.0 3844.7
0.00695322376738306 1593.0 3901.2
0.00695322376738306 1593.0 3957.1
0.00695322376738306 1593.0 4013.9
0.00695322376738306 1593.0 4072.1
0.00695322376738306 1593.0 4128.8
0.00695322376738306 1593.0 4186.4
0.00695322376738306 1593.0 4243.2
0.00695322376738306 1593.0 4298.1
0.00695322376738306 1593.0 4354.0
0.006700379266750949 1592.6 4409.7
0.006700379266750949 1592.6 4464.5
0.006700379266750949 1592.6 4520.1
0.006700379266750949 1592.6 4574.8
0.006700379266750949 1592.6 4632.7
0.006700379266750949 1592.6 4692.1
0.006700379266750949 1592.6 4748.1
0.006700379266750949 1592.6 4804.7
0.006700379266750949 1592.6 4864.7
0.0065739570164348934 1592.4 4920.3
0.0065739570164348934 1592.4 4978.0
0.0065739570164348934 1592.4 5035.5
0.0065739570164348934 1592.4 5092.6
0.0065739570164348934 1592.4 5147.6
0.0065739570164348934 1592.4 5203.3
0.0065739570164348934 1592.4 5260.0
0.006131479140328699 1591.7 5316.1
0.005941845764854615 1591.4 5370.9
0.005941845764854615 1591.4 5426.9
0.005941845764854615 1591.4 5483.7
0.005941845764854615 1591.4 5541.5
0.005941845764854615 1591.4 5598.3
0.005941845764854615 1591.4 5653.8
0.005941845764854615 1591.4 5708.0
0.005941845764854615 1591.4 5764.5
0.005941845764854615 1591.4 5820.5
0.005941845764854615 1591.4 5874.7
0.005941845764854615 1591.4 5931.5
0.005941845764854615 1591.4 5987.2
0.005941845764854615 1591.4 6043.4
0.005941845764854615 1591.4 6099.9
0.005941845764854615 1591.4 6156.4
0.005941845764854615 1591.4 6210.6
0.005941845764854615 1591.4 6267.5
0.005941845764854615 1591.4 6323.5
0.005941845764854615 1591.4 6378.3
0.005941845764854615 1591.4 6433.7
0.005941845764854615 1591.4 6490.5
0.005941845764854615 1591.4 6546.5
0.005941845764854615 1591.4 6601.6
0.005941845764854615 1591.4 6656.8
0.005941845764854615 1591.4 6710.9
0.005941845764854615 1591.4 6765.6
0.005941845764854615 1591.4 6820.6
0.005941845764854615 1591.4 6877.3
0.005941845764854615 1591.4 6933.2
0.005941845764854615 1591.4 6988.2
0.005941845764854615 1591.4 7043.9
0.005878634639696587 1591.3 7102.3
0.005878634639696587 1591.3 7157.8
0.005878634639696587 1591.3 7214.5
0.005878634639696587 1591.3 7270.7
0.005878634639696587 1591.3 7327.1
0.005878634639696587 1591.3 7384.8
0.005878634639696587 1591.3 7438.9
0.005878634639696587 1591.3 7495.1
0.005878634639696587 1591.3 7551.2
0.005878634639696587 1591.3 7612.3
0.005878634639696587 1591.3 7667.4
0.005878634639696587 1591.3 7724.9
0.005878634639696587 1591.3 7783.1
0.005878634639696587 1591.3 7840.4
0.005878634639696587 1591.3 7896.0
0.005878634639696587 1591.3 7951.3
0.005878634639696587 1591.3 8005.9
0.005878634639696587 1591.3 8065.3
0.005878634639696587 1591.3 8120.6
0.005878634639696587 1591.3 8176.8
0.005878634639696587 1591.3 8234.3
0.005878634639696587 1591.3 8293.6
0.005878634639696587 1591.3 8350.0
0.005878634639696587 1591.3 8405.6
0.005878634639696587 1591.3 8462.1
0.005878634639696587 1591.3 8515.7
0.005878634639696587 1591.3 8571.1
0.005878634639696587 1591.3 8627.3
0.005878634639696587 1591.3 8682.5
0.005878634639696587 1591.3 8742.0
0.005878634639696587 1591.3 8796.1
0.005878634639696587 1591.3 8851.4
0.005878634639696587 1591.3 8907.8
0.005878634639696587 1591.3 8963.1
0.005878634639696587 1591.3 9018.5
0.005878634639696587 1591.3 9072.0
0.005878634639696587 1591.3 9129.1
0.005878634639696587 1591.3 9183.8
0.005878634639696587 1591.3 9246.3
0.005878634639696587 1591.3 9303.4
0.005878634639696587 1591.3 9359.3
0.005878634639696587 1591.3 9415.1
0.005752212389380531 1591.1 9471.6
0.005752212389380531 1591.1 9527.5
0.005752212389380531 1591.1 9583.6
0.005689001264222503 1591.0 9640.5
0.005689001264222503 1591.0 9693.7
0.005689001264222503 1591.0 9749.9
0.005689001264222503 1591.0 9805.9
0.005689001264222503 1591.0 9861.0
0.005689001264222503 1591.0 9916.6
0.005689001264222503 1591.0 9971.6
0.005689001264222503 1591.0 10027.7
0.005689001264222503 1591.0 10083.5
0.005689001264222503 1591.0 10141.6
0.005689001264222503 1591.0 10196.6
0.005689001264222503 1591.0 10253.3
0.005689001264222503 1591.0 10308.2
0.005689001264222503 1591.0 10363.4
0.005689001264222503 1591.0 10418.1
0.005689001264222503 1591.0 10474.6
0.005689001264222503 1591.0 10528.8
0.005689001264222503 1591.0 10584.5
0.005689001264222503 1591.0 10639.4
0.005689001264222503 1591.0 10696.2
0.0056257901390644755 1590.9 10750.7
0.0056257901390644755 1590.9 10805.2
0.0056257901390644755 1590.9 10861.6
0.0056257901390644755 1590.9 10917.0
0.0056257901390644755 1590.9 10971.8
0.0056257901390644755 1590.9 11027.1
0.0056257901390644755 1590.9 11083.8
0.0056257901390644755 1590.9 11140.4
0.0056257901390644755 1590.9 11194.7
0.0056257901390644755 1590.9 11249.9
0.0056257901390644755 1590.9 11307.2
0.0056257901390644755 1590.9 11361.6
0.0056257901390644755 1590.9 11417.2
0.0056257901390644755 1590.9 11470.0
0.0056257901390644755 1590.9 11526.4
0.0056257901390644755 1590.9 11581.9
0.0056257901390644755 1590.9 11638.5
0.0056257901390644755 1590.9 11692.3
0.0056257901390644755 1590.9 11748.0
0.0056257901390644755 1590.9 11804.4
0.0056257901390644755 1590.9 11858.7
0.0056257901390644755 1590.9 11915.5
0.0056257901390644755 1590.9 11970.1
0.0056257901390644755 1590.9 12025.4
0.0056257901390644755 1590.9 12081.8
0.0056257901390644755 1590.9 12137.6
0.0056257901390644755 1590.9 12190.6
0.0056257901390644755 1590.9 12248.8
0.0056257901390644755 1590.9 12303.2
0.005562579013906447 1590.8 12355.6
0.005562579013906447 1590.8 12414.0
0.005562579013906447 1590.8 12469.6
0.005562579013906447 1590.8 12524.3
0.005562579013906447 1590.8 12580.9
0.005562579013906447 1590.8 12636.6
0.005562579013906447 1590.8 12692.2
0.005562579013906447 1590.8 12749.5
0.005562579013906447 1590.8 12805.0
0.005562579013906447 1590.8 12860.5
0.005562579013906447 1590.8 12916.0
0.005562579013906447 1590.8 12970.1
0.005562579013906447 1590.8 13026.4
0.005562579013906447 1590.8 13081.3
0.005562579013906447 1590.8 13134.5
0.005562579013906447 1590.8 13193.0
0.005562579013906447 1590.8 13248.4
0.005562579013906447 1590.8 13302.5
0.005562579013906447 1590.8 13357.9
0.005562579013906447 1590.8 13413.7
0.005562579013906447 1590.8 13469.0
0.005562579013906447 1590.8 13525.9
0.005562579013906447 1590.8 13578.2
0.005562579013906447 1590.8 13635.4
0.005562579013906447 1590.8 13688.3
0.005562579013906447 1590.8 13746.4
0.005562579013906447 1590.8 13801.8
0.005562579013906447 1590.8 13856.4
0.005562579013906447 1590.8 13911.6
0.005562579013906447 1590.8 13966.7
0.005562579013906447 1590.8 14022.1
0.005562579013906447 1590.8 14077.3
0.005562579013906447 1590.8 14133.3
0.005562579013906447 1590.8 14190.1
0.005562579013906447 1590.8 14246.1
0.005562579013906447 1590.8 14302.6
0.005562579013906447 1590.8 14358.0
0.005562579013906447 1590.8 14412.1
0.005499367888748419 1590.7 14466.7
0.005499367888748419 1590.7 14522.7
0.005499367888748419 1590.7 14577.0
0.005499367888748419 1590.7 14634.0
0.005499367888748419 1590.7 14689.3
0.005499367888748419 1590.7 14743.5
0.005499367888748419 1590.7 14801.3
0.005499367888748419 1590.7 14855.6
0.005499367888748419 1590.7 14910.4
0.005499367888748419 1590.7 14966.9
0.005499367888748419 1590.7 15019.8
0.005499367888748419 1590.7 15077.4
0.005499367888748419 1590.7 15132.3
0.005499367888748419 1590.7 15184.6
0.005499367888748419 1590.7 15241.1
0.005499367888748419 1590.7 15297.0
0.005499367888748419 1590.7 15352.8
0.005499367888748419 1590.7 15408.7
0.005499367888748419 1590.7 15462.0
0.005499367888748419 1590.7 15517.3
0.005372945638432365 1590.5 15574.2
0.005372945638432365 1590.5 15627.3
0.005372945638432365 1590.5 15684.2
0.005372945638432365 1590.5 15740.0
0.005372945638432365 1590.5 15792.6
0.005372945638432365 1590.5 15849.5
0.005372945638432365 1590.5 15905.7
0.005372945638432365 1590.5 15960.8
0.005372945638432365 1590.5 16017.0
0.005372945638432365 1590.5 16071.3
0.005372945638432365 1590.5 16129.8
0.005372945638432365 1590.5 16188.0
0.005372945638432365 1590.5 16243.5
0.00461441213653603 1589.3 16299.1
0.00461441213653603 1589.3 16355.6
0.00461441213653603 1589.3 16412.8
0.00461441213653603 1589.3 16466.1
0.00461441213653603 1589.3 16524.5
0.00461441213653603 1589.3 16579.0
0.00461441213653603 1589.3 16632.8
0.00461441213653603 1589.3 16688.7
0.00461441213653603 1589.3 16746.4
0.00461441213653603 1589.3 16801.9
0.00461441213653603 1589.3 16857.4
0.00461441213653603 1589.3 16911.3
0.00461441213653603 1589.3 16965.9
0.00461441213653603 1589.3 17023.0
0.00461441213653603 1589.3 17077.3
0.00461441213653603 1589.3 17134.7
0.004424778761061946 1589.0 17187.8
0.004424778761061946 1589.0 17243.3
0.004424778761061946 1589.0 17297.2
0.004424778761061946 1589.0 17352.4
0.004424778761061946 1589.0 17404.2
0.004424778761061946 1589.0 17459.2
0.004424778761061946 1589.0 17513.5
0.004424778761061946 1589.0 17571.2
0.004424778761061946 1589.0 17623.4
0.004424778761061946 1589.0 17679.9
0.004424778761061946 1589.0 17733.8
0.004424778761061946 1589.0 17790.5
0.004424778761061946 1589.0 17848.5
0.004424778761061946 1589.0 17902.4
0.004424778761061946 1589.0 17957.9
0.004424778761061946 1589.0 18015.2
0.004424778761061946 1589.0 18070.7
0.004424778761061946 1589.0 18124.8
0.004424778761061946 1589.0 18178.9
0.004424778761061946 1589.0 18232.7
0.004424778761061946 1589.0 18289.2
0.004424778761061946 1589.0 18345.9
0.004424778761061946 1589.0 18401.1
0.004424778761061946 1589.0 18459.4
0.004424778761061946 1589.0 18510.4
0.004424778761061946 1589.0 18569.1
0.004424778761061946 1589.0 18624.2
0.004424778761061946 1589.0 18678.1
0.004424778761061946 1589.0 18734.7
0.004424778761061946 1589.0 18789.6
0.004424778761061946 1589.0 18844.9
0.004424778761061946 1589.0 18899.6
0.004424778761061946 1589.0 18954.0
0.004424778761061946 1589.0 19007.4
0.004424778761061946 1589.0 19065.2
0.004424778761061946 1589.0 19119.4
0.004424778761061946 1589.0 19175.3
0.004424778761061946 1589.0 19227.9
0.004424778761061946 1589.0 19283.3
0.004424778761061946 1589.0 19341.1
0.003855878634639696 1588.1 19396.0
0.003855878634639696 1588.1 19451.7
0.003855878634639696 1588.1 19508.9
0.003855878634639696 1588.1 19562.0
0.003855878634639696 1588.1 19616.2
0.003855878634639696 1588.1 19674.1
0.003855878634639696 1588.1 19729.2
0.003855878634639696 1588.1 19783.9
0.003855878634639696 1588.1 19838.8
0.003855878634639696 1588.1 19893.5
0.003855878634639696 1588.1 19949.6
0.003855878634639696 1588.1 20003.4
0.003855878634639696 1588.1 20061.5
0.003855878634639696 1588.1 20115.7
0.003855878634639696 1588.1 20170.5
0.003855878634639696 1588.1 20226.2
0.003855878634639696 1588.1 20281.7
0.003855878634639696 1588.1 20339.0
0.003855878634639696 1588.1 20393.9
0.003855878634639696 1588.1 20449.2
0.003855878634639696 1588.1 20504.3
0.003855878634639696 1588.1 20559.6
0.003855878634639696 1588.1 20614.5
0.003855878634639696 1588.1 20674.3
0.003855878634639696 1588.1 20733.5
0.003855878634639696 1588.1 20786.7
0.003855878634639696 1588.1 20844.6
0.003855878634639696 1588.1 20899.6
0.003855878634639696 1588.1 20957.5
0.003855878634639696 1588.1 21014.3
0.003855878634639696 1588.1 21073.3
0.003855878634639696 1588.1 21129.3
0.0037926675094816682 1588.0 21185.3
0.0037926675094816682 1588.0 21241.6
0.0037926675094816682 1588.0 21295.8
0.0037926675094816682 1588.0 21352.6
0.0037926675094816682 1588.0 21406.6
0.0037926675094816682 1588.0 21462.7
0.0037926675094816682 1588.0 21518.0
0.0037926675094816682 1588.0 21572.8
0.0037926675094816682 1588.0 21628.0
0.0037926675094816682 1588.0 21682.8
0.0037926675094816682 1588.0 21741.8
0.0037926675094816682 1588.0 21798.2
0.0037926675094816682 1588.0 21850.9
0.0037926675094816682 1588.0 21906.8
0.0037926675094816682 1588.0 21963.3
0.0037926675094816682 1588.0 22019.0
0.0037926675094816682 1588.0 22074.1
0.0037926675094816682 1588.0 22130.1
0.0037926675094816682 1588.0 22184.1
0.0037926675094816682 1588.0 22239.8
0.0037926675094816682 1588.0 22294.1
0.0037926675094816682 1588.0 22350.6
0.0037926675094816682 1588.0 22407.9
0.0037926675094816682 1588.0 22462.6
0.0037926675094816682 1588.0 22522.0
0.0037926675094816682 1588.0 22581.7
0.0037926675094816682 1588.0 22637.0
0.0037926675094816682 1588.0 22691.1
0.0037926675094816682 1588.0 22748.6
0.0037926675094816682 1588.0 22804.1
0.0037926675094816682 1588.0 22860.2
0.0037926675094816682 1588.0 22921.6
0.0037926675094816682 1588.0 22981.3
0.0037926675094816682 1588.0 23039.0
0.0037926675094816682 1588.0 23096.3
0.0037926675094816682 1588.0 23153.9
0.0037926675094816682 1588.0 23211.0
0.0037926675094816682 1588.0 23267.1
0.0037926675094816682 1588.0 23322.4
0.0037926675094816682 1588.0 23377.4
0.0037926675094816682 1588.0 23436.5
0.0037926675094816682 1588.0 23492.5
0.0037926675094816682 1588.0 23546.6
0.0037926675094816682 1588.0 23601.4
0.0037926675094816682 1588.0 23656.6
0.0037926675094816682 1588.0 23712.9
0.0037926675094816682 1588.0 23770.6
0.0037926675094816682 1588.0 23825.1
0.0037926675094816682 1588.0 23883.0
0.0037926675094816682 1588.0 23938.4
0.0037926675094816682 1588.0 23994.1
0.0037926675094816682 1588.0 24050.8
0.0037926675094816682 1588.0 24103.4
0.0037926675094816682 1588.0 24161.3
0.0037926675094816682 1588.0 24215.9
0.0037926675094816682 1588.0 24272.9
0.0037926675094816682 1588.0 24326.3
0.0037926675094816682 1588.0 24382.9
0.0037926675094816682 1588.0 24439.1
0.0037926675094816682 1588.0 24494.6
0.0037926675094816682 1588.0 24550.3
0.0037926675094816682 1588.0 24605.0
0.0037926675094816682 1588.0 24664.3
0.0037926675094816682 1588.0 24718.5
0.0037926675094816682 1588.0 24774.2
0.0037926675094816682 1588.0 24829.6
0.0037926675094816682 1588.0 24886.2
0.0037926675094816682 1588.0 24940.7
0.0037926675094816682 1588.0 24998.1
0.0037926675094816682 1588.0 25051.8
0.0037926675094816682 1588.0 25107.2
0.0037926675094816682 1588.0 25162.4
0.0037926675094816682 1588.0 25223.1
0.0037926675094816682 1588.0 25278.6
0.0037926675094816682 1588.0 25332.0
0.0037926675094816682 1588.0 25386.7
0.0037926675094816682 1588.0 25442.0
0.0037926675094816682 1588.0 25497.2
0.0037926675094816682 1588.0 25554.9
0.0037926675094816682 1588.0 25607.8
0.0037926675094816682 1588.0 25661.3
0.0037926675094816682 1588.0 25717.1
0.0037926675094816682 1588.0 25771.0
0.0037926675094816682 1588.0 25824.2
0.0037926675094816682 1588.0 25878.4
0.0037926675094816682 1588.0 25933.9
0.0037926675094816682 1588.0 25988.4
0.0037926675094816682 1588.0 26045.3
0.0037926675094816682 1588.0 26099.0
0.0037926675094816682 1588.0 26152.4
0.0037926675094816682 1588.0 26210.3
0.0037926675094816682 1588.0 26265.9
0.0037926675094816682 1588.0 26319.4
0.0037926675094816682 1588.0 26373.0
0.0037926675094816682 1588.0 26428.2
0.0037926675094816682 1588.0 26481.6
0.0037926675094816682 1588.0 26539.0
0.0037926675094816682 1588.0 26595.5
0.0037926675094816682 1588.0 26649.4
0.0037926675094816682 1588.0 26702.7
0.0037926675094816682 1588.0 26756.9
0.0037926675094816682 1588.0 26813.2
0.0037926675094816682 1588.0 26866.4
0.0037926675094816682 1588.0 26922.4
0.0037926675094816682 1588.0 26976.5
0.0037926675094816682 1588.0 27030.0
0.0037926675094816682 1588.0 27084.7
0.0037926675094816682 1588.0 27141.6
0.0037926675094816682 1588.0 27194.6
0.0037926675094816682 1588.0 27251.4
0.0037926675094816682 1588.0 27303.4
0.0037926675094816682 1588.0 27363.1
0.0037926675094816682 1588.0 27418.9
0.0037926675094816682 1588.0 27474.1
0.0035398230088495575 1587.6 27529.0
0.0035398230088495575 1587.6 27585.0
0.0035398230088495575 1587.6 27638.3
0.0035398230088495575 1587.6 27694.1
0.0035398230088495575 1587.6 27750.8
0.0035398230088495575 1587.6 27805.1
0.0035398230088495575 1587.6 27859.7
0.0035398230088495575 1587.6 27912.9
0.0035398230088495575 1587.6 27968.1
0.0035398230088495575 1587.6 28020.9
0.0035398230088495575 1587.6 28075.3
0.0035398230088495575 1587.6 28130.9
0.0035398230088495575 1587.6 28187.4
0.0035398230088495575 1587.6 28240.2
0.0035398230088495575 1587.6 28296.2
0.0035398230088495575 1587.6 28354.0
0.0035398230088495575 1587.6 28408.2
0.0035398230088495575 1587.6 28461.9
0.0035398230088495575 1587.6 28519.0
0.0035398230088495575 1587.6 28573.1
0.0035398230088495575 1587.6 28629.2
0.0035398230088495575 1587.6 28682.9
0.0035398230088495575 1587.6 28738.7
0.0035398230088495575 1587.6 28795.9
0.0035398230088495575 1587.6 28851.0
0.0035398230088495575 1587.6 28906.9
0.0035398230088495575 1587.6 28961.6
0.0035398230088495575 1587.6 29017.5
0.0035398230088495575 1587.6 29071.8
0.0035398230088495575 1587.6 29129.9
0.0035398230088495575 1587.6 29185.8
0.0035398230088495575 1587.6 29240.0
0.0035398230088495575 1587.6 29293.3
0.0035398230088495575 1587.6 29351.4
0.0035398230088495575 1587.6 29406.5
0.0035398230088495575 1587.6 29459.6
0.0035398230088495575 1587.6 29516.6
0.0035398230088495575 1587.6 29572.8
0.0035398230088495575 1587.6 29629.8
0.0035398230088495575 1587.6 29685.0
0.0034766118836915294 1587.5 29740.6
0.0034766118836915294 1587.5 29796.5
0.0034766118836915294 1587.5 29850.7
0.0034766118836915294 1587.5 29906.4
0.0034766118836915294 1587.5 29962.7
0.0034766118836915294 1587.5 30018.6
0.0034766118836915294 1587.5 30071.8
0.0034766118836915294 1587.5 30127.9
0.0034766118836915294 1587.5 30184.6
0.0034766118836915294 1587.5 30240.2
0.0034766118836915294 1587.5 30294.7
0.0034766118836915294 1587.5 30351.0
0.0034766118836915294 1587.5 30408.0
0.0034766118836915294 1587.5 30462.1
0.0034766118836915294 1587.5 30517.8
0.0034766118836915294 1587.5 30575.8
0.0034766118836915294 1587.5 30631.6
0.0034766118836915294 1587.5 30684.6
0.0034766118836915294 1587.5 30742.5
0.0034766118836915294 1587.5 30798.1
0.0034766118836915294 1587.5 30853.2
0.0034766118836915294 1587.5 30908.1
0.0034766118836915294 1587.5 30963.1
0.0034766118836915294 1587.5 31019.3
0.0034766118836915294 1587.5 31075.5
0.0034766118836915294 1587.5 31130.8
0.0034766118836915294 1587.5 31187.4
0.0034766118836915294 1587.5 31241.8
0.0034766118836915294 1587.5 31296.2
0.0034766118836915294 1587.5 31351.8
0.0034766118836915294 1587.5 31408.0
0.0034766118836915294 1587.5 31462.7
0.0034766118836915294 1587.5 31519.4
0.0034766118836915294 1587.5 31573.5
0.0034766118836915294 1587.5 31632.1
0.0034766118836915294 1587.5 31686.5
0.0034766118836915294 1587.5 31743.2
0.0034766118836915294 1587.5 31799.3
0.0034766118836915294 1587.5 31854.4
0.0034766118836915294 1587.5 31909.3
0.0034766118836915294 1587.5 31965.8
0.0034766118836915294 1587.5 32024.3
0.0034766118836915294 1587.5 32077.8
0.0034766118836915294 1587.5 32132.6
0.0034766118836915294 1587.5 32188.5
0.0034766118836915294 1587.5 32245.1
0.0034766118836915294 1587.5 32298.3
0.0034766118836915294 1587.5 32357.0
0.0034766118836915294 1587.5 32413.1
0.0034766118836915294 1587.5 32467.8
0.0034766118836915294 1587.5 32523.6
0.0034766118836915294 1587.5 32580.1
0.0034766118836915294 1587.5 32633.7
0.0034766118836915294 1587.5 32691.4
0.0034766118836915294 1587.5 32747.7
0.0034766118836915294 1587.5 32803.9
0.0034766118836915294 1587.5 32860.2
0.0034766118836915294 1587.5 32916.5
0.0034766118836915294 1587.5 32972.2
0.0034766118836915294 1587.5 33026.9
0.0034766118836915294 1587.5 33083.0
0.0034766118836915294 1587.5 33138.9
0.0034766118836915294 1587.5 33193.8
0.003160556257901391 1587.0 33249.5
0.003160556257901391 1587.0 33305.2
0.003160556257901391 1587.0 33360.5
0.003160556257901391 1587.0 33415.3
0.003160556257901391 1587.0 33472.4
0.003160556257901391 1587.0 33525.7
0.003160556257901391 1587.0 33582.7
0.003160556257901391 1587.0 33638.2
0.003160556257901391 1587.0 33696.3
0.003160556257901391 1587.0 33752.8
0.003160556257901391 1587.0 33808.0
0.003160556257901391 1587.0 33863.6
0.003160556257901391 1587.0 33919.3
0.003160556257901391 1587.0 33973.3
0.003160556257901391 1587.0 34030.6
0.003160556257901391 1587.0 34086.9
0.003160556257901391 1587.0 34141.1
0.003160556257901391 1587.0 34196.9
0.003160556257901391 1587.0 34251.3
0.003160556257901391 1587.0 34308.1
0.003160556257901391 1587.0 34362.8
0.003160556257901391 1587.0 34419.4
0.003160556257901391 1587.0 34474.3
0.003160556257901391 1587.0 34532.7
0.003160556257901391 1587.0 34588.6
0.003160556257901391 1587.0 34643.8
0.0029077117572692797 1586.6 34699.2
0.0029077117572692797 1586.6 34759.3
0.0029077117572692797 1586.6 34815.6
0.0029077117572692797 1586.6 34870.8
0.0029077117572692797 1586.6 34926.5
0.0029077117572692797 1586.6 34980.7
0.0029077117572692797 1586.6 35037.5
0.0029077117572692797 1586.6 35093.1
0.0027180783817951962 1586.3 35150.3
0.0027180783817951962 1586.3 35205.5
0.0027180783817951962 1586.3 35261.5
0.0027180783817951962 1586.3 35316.9
0.0027180783817951962 1586.3 35372.7
0.0027180783817951962 1586.3 35427.8
0.0027180783817951962 1586.3 35483.2
0.0027180783817951962 1586.3 35537.9
0.0027180783817951962 1586.3 35592.5
0.0027180783817951962 1586.3 35648.3
0.0027180783817951962 1586.3 35703.1
0.0027180783817951962 1586.3 35758.3
0.0027180783817951962 1586.3 35814.9
0.0027180783817951962 1586.3 35869.3
0.0027180783817951962 1586.3 35925.7
0.0027180783817951962 1586.3 35980.7
0.0027180783817951962 1586.3 36034.4
0.0027180783817951962 1586.3 36091.5
0.0027180783817951962 1586.3 36146.7
0.0027180783817951962 1586.3 36201.8
0.0027180783817951962 1586.3 36258.3
0.0027180783817951962 1586.3 36313.0
0.0027180783817951962 1586.3 36369.9
0.0027180783817951962 1586.3 36425.9
0.0027180783817951962 1586.3 36482.0
0.0027180783817951962 1586.3 36537.7
0.0027180783817951962 1586.3 36593.6
0.0027180783817951962 1586.3 36648.0
0.0027180783817951962 1586.3 36703.6
0.0027180783817951962 1586.3 36758.6
0.0027180783817951962 1586.3 36813.5
0.0027180783817951962 1586.3 36867.8
0.0027180783817951962 1586.3 36923.0
0.0027180783817951962 1586.3 36977.5
0.0027180783817951962 1586.3 37031.8
0.0027180783817951962 1586.3 37086.2
0.0027180783817951962 1586.3 37142.4
0.0027180783817951962 1586.3 37197.5
0.0027180783817951962 1586.3 37253.2
0.0027180783817951962 1586.3 37308.6
0.0027180783817951962 1586.3 37363.0
0.0027180783817951962 1586.3 37419.5
0.0027180783817951962 1586.3 37476.0
0.0027180783817951962 1586.3 37530.8
0.0027180783817951962 1586.3 37585.2
0.0027180783817951962 1586.3 37639.7
0.0027180783817951962 1586.3 37693.8
0.0027180783817951962 1586.3 37751.1
0.0027180783817951962 1586.3 37804.6
0.0027180783817951962 1586.3 37860.8
0.0027180783817951962 1586.3 37917.7
0.0027180783817951962 1586.3 37972.9
0.0027180783817951962 1586.3 38028.1
0.0027180783817951962 1586.3 38082.3
0.0027180783817951962 1586.3 38139.9
0.0027180783817951962 1586.3 38195.3
0.0027180783817951962 1586.3 38250.2
0.0027180783817951962 1586.3 38302.7
0.0027180783817951962 1586.3 38358.4
0.0027180783817951962 1586.3 38412.9
0.0027180783817951962 1586.3 38468.4
0.0027180783817951962 1586.3 38523.8
0.0027180783817951962 1586.3 38579.1
0.0027180783817951962 1586.3 38633.5
0.0027180783817951962 1586.3 38689.5
0.0027180783817951962 1586.3 38744.0
0.0027180783817951962 1586.3 38800.3
0.0027180783817951962 1586.3 38855.0
0.0027180783817951962 1586.3 38909.6
0.0027180783817951962 1586.3 38963.7
0.0027180783817951962 1586.3 39019.3
0.0027180783817951962 1586.3 39073.6
0.0027180783817951962 1586.3 39128.6
0.0027180783817951962 1586.3 39182.2
0.0027180783817951962 1586.3 39237.7
0.0027180783817951962 1586.3 39292.9
0.0027180783817951962 1586.3 39348.8
0.0027180783817951962 1586.3 39404.3
0.0027180783817951962 1586.3 39460.2
0.0027180783817951962 1586.3 39514.2
0.0027180783817951962 1586.3 39569.4
0.0027180783817951962 1586.3 39625.5
0.0027180783817951962 1586.3 39679.5
0.0027180783817951962 1586.3 39735.1
0.0027180783817951962 1586.3 39789.7
0.0027180783817951962 1586.3 39844.8
0.0027180783817951962 1586.3 39901.8
0.0027180783817951962 1586.3 39956.6
0.0027180783817951962 1586.3 40011.7
0.0027180783817951962 1586.3 40066.4
0.0027180783817951962 1586.3 40122.5
0.0027180783817951962 1586.3 40177.4
0.0027180783817951962 1586.3 40231.1
0.0027180783817951962 1586.3 40285.3
0.0027180783817951962 1586.3 40341.1
0.0027180783817951962 1586.3 40396.2
0.0027180783817951962 1586.3 40453.5
0.0027180783817951962 1586.3 40507.2
0.0027180783817951962 1586.3 40563.0
0.0027180783817951962 1586.3 40617.7
0.0027180783817951962 1586.3 40672.8
0.0027180783817951962 1586.3 40727.8
0.0027180783817951962 1586.3 40780.4
0.0027180783817951962 1586.3 40836.3
0.0027180783817951962 1586.3 40889.2
0.0027180783817951962 1586.3 40945.8
0.0027180783817951962 1586.3 41001.1
0.0027180783817951962 1586.3 41054.1
0.0027180783817951962 1586.3 41112.7
0.0027180783817951962 1586.3 41168.5
0.0027180783817951962 1586.3 41223.3
0.0027180783817951962 1586.3 41279.2
0.0027180783817951962 1586.3 41335.8
0.0027180783817951962 1586.3 41390.0
0.0027180783817951962 1586.3 41450.5
0.0027180783817951962 1586.3 41507.6
0.0027180783817951962 1586.3 41563.0
0.0027180783817951962 1586.3 41619.3
0.0027180783817951962 1586.3 41673.4
0.0027180783817951962 1586.3 41730.8
0.0027180783817951962 1586.3 41786.1
0.0027180783817951962 1586.3 41842.2
0.0027180783817951962 1586.3 41898.2
0.0027180783817951962 1586.3 41954.4
0.0027180783817951962 1586.3 42010.5
0.0027180783817951962 1586.3 42066.2
0.0027180783817951962 1586.3 42120.1
0.0027180783817951962 1586.3 42177.1
0.0027180783817951962 1586.3 42234.9
0.0027180783817951962 1586.3 42291.3
0.0027180783817951962 1586.3 42346.9
0.0027180783817951962 1586.3 42403.9
0.0027180783817951962 1586.3 42459.8
0.0027180783817951962 1586.3 42515.6
0.0027180783817951962 1586.3 42570.5
0.0027180783817951962 1586.3 42626.5
0.0027180783817951962 1586.3 42682.2
0.0027180783817951962 1586.3 42738.3
0.0027180783817951962 1586.3 42794.1
0.0025916561314791404 1586.1 42850.4
0.0025916561314791404 1586.1 42907.0
0.0025916561314791404 1586.1 42962.3
0.0025916561314791404 1586.1 43019.8
0.0025916561314791404 1586.1 43077.9
0.0025916561314791404 1586.1 43132.4
0.0025916561314791404 1586.1 43189.4
0.0025916561314791404 1586.1 43245.6
0.0025916561314791404 1586.1 43302.8
0.0025916561314791404 1586.1 43360.3
0.0025916561314791404 1586.1 43418.6
0.0025916561314791404 1586.1 43474.1
0.0025916561314791404 1586.1 43529.7
0.0025916561314791404 1586.1 43583.3
0.0025916561314791404 1586.1 43642.2
0.0025916561314791404 1586.1 43697.4
0.0025916561314791404 1586.1 43753.8
0.0025916561314791404 1586.1 43807.6
0.0025916561314791404 1586.1 43864.2
0.0025916561314791404 1586.1 43920.3
0.0025916561314791404 1586.1 43976.4
0.0025916561314791404 1586.1 44030.8
0.0025916561314791404 1586.1 44085.3
0.0025916561314791404 1586.1 44141.5
0.0025916561314791404 1586.1 44195.8
0.0025916561314791404 1586.1 44252.1
0.0025916561314791404 1586.1 44307.3
0.0025916561314791404 1586.1 44363.5
0.0025916561314791404 1586.1 44418.6
0.0025916561314791404 1586.1 44472.0
0.0025916561314791404 1586.1 44527.2
0.0025916561314791404 1586.1 44581.9
0.0025916561314791404 1586.1 44637.3
0.0025916561314791404 1586.1 44692.9
0.0025916561314791404 1586.1 44746.6
0.0025916561314791404 1586.1 44804.6
0.0025916561314791404 1586.1 44859.6
0.0025916561314791404 1586.1 44915.8
0.0025916561314791404 1586.1 44969.9
0.0025916561314791404 1586.1 45025.7
0.0025916561314791404 1586.1 45080.0
0.0025916561314791404 1586.1 45136.7
0.0025916561314791404 1586.1 45191.5
0.0025916561314791404 1586.1 45248.1
0.0025916561314791404 1586.1 45303.9
0.0025916561314791404 1586.1 45360.0
0.002528445006321113 1586.0 45415.7
0.002528445006321113 1586.0 45471.0
0.002528445006321113 1586.0 45526.5
0.002528445006321113 1586.0 45581.3
0.002528445006321113 1586.0 45637.0
0.002528445006321113 1586.0 45692.2
0.002528445006321113 1586.0 45749.1
0.002528445006321113 1586.0 45805.6
0.002528445006321113 1586.0 45859.8
0.002528445006321113 1586.0 45915.8
0.002528445006321113 1586.0 45981.5
0.002528445006321113 1586.0 46037.6
0.002528445006321113 1586.0 46095.3
0.002528445006321113 1586.0 46153.6
0.002528445006321113 1586.0 46208.4
0.002528445006321113 1586.0 46265.5
0.002528445006321113 1586.0 46322.5
0.002528445006321113 1586.0 46376.0
0.002528445006321113 1586.0 46429.5
0.002528445006321113 1586.0 46486.8
0.002528445006321113 1586.0 46541.1
0.002528445006321113 1586.0 46595.9
0.002528445006321113 1586.0 46651.8
0.002528445006321113 1586.0 46706.0
0.002528445006321113 1586.0 46760.7
0.002528445006321113 1586.0 46816.8
0.002528445006321113 1586.0 46873.3
0.002528445006321113 1586.0 46927.5
0.002528445006321113 1586.0 46983.0
0.002528445006321113 1586.0 47037.8
0.002528445006321113 1586.0 47092.6
0.002528445006321113 1586.0 47147.8
0.002528445006321113 1586.0 47204.4
0.002528445006321113 1586.0 47260.9
0.002528445006321113 1586.0 47315.4
0.002528445006321113 1586.0 47374.6
0.002528445006321113 1586.0 47427.4
0.002528445006321113 1586.0 47482.8
0.002528445006321113 1586.0 47538.2
0.002528445006321113 1586.0 47590.8
0.002528445006321113 1586.0 47645.2
0.002528445006321113 1586.0 47701.6
0.002528445006321113 1586.0 47755.4
0.002528445006321113 1586.0 47810.4
0.002528445006321113 1586.0 47864.0
0.002528445006321113 1586.0 47917.8
0.002528445006321113 1586.0 47973.6
0.002528445006321113 1586.0 48027.7
0.002528445006321113 1586.0 48082.7
0.002528445006321113 1586.0 48137.1
0.002528445006321113 1586.0 48192.1
0.002528445006321113 1586.0 48249.8
0.002528445006321113 1586.0 48312.2
0.002528445006321113 1586.0 48369.1
0.002528445006321113 1586.0 48425.7
0.002528445006321113 1586.0 48481.1
0.002528445006321113 1586.0 48536.3
0.002528445006321113 1586.0 48590.1
0.002528445006321113 1586.0 48645.7
0.002528445006321113 1586.0 48700.9
0.002528445006321113 1586.0 48755.3
0.002528445006321113 1586.0 48808.4
0.002528445006321113 1586.0 48864.6
0.002528445006321113 1586.0 48918.0
0.002528445006321113 1586.0 48975.2
0.002528445006321113 1586.0 49029.5
0.002528445006321113 1586.0 49084.1
0.002528445006321113 1586.0 49140.3
0.002528445006321113 1586.0 49195.3
0.002528445006321113 1586.0 49248.8
0.002528445006321113 1586.0 49301.6
0.002528445006321113 1586.0 49357.8
0.002528445006321113 1586.0 49414.5
0.002528445006321113 1586.0 49468.6
0.002528445006321113 1586.0 49521.0
0.002528445006321113 1586.0 49577.6
0.002528445006321113 1586.0 49635.0
0.002528445006321113 1586.0 49687.4
0.0022123893805309734 1585.5 49744.6
0.0022123893805309734 1585.5 49800.1
0.0022123893805309734 1585.5 49855.3
0.0022123893805309734 1585.5 49913.2
0.0022123893805309734 1585.5 49967.9
0.0022123893805309734 1585.5 50022.8
0.0022123893805309734 1585.5 50078.8
0.0022123893805309734 1585.5 50135.3
0.0022123893805309734 1585.5 50188.1
0.0022123893805309734 1585.5 50245.3
0.0022123893805309734 1585.5 50299.3
0.0022123893805309734 1585.5 50354.5
0.0022123893805309734 1585.5 50408.2
0.0022123893805309734 1585.5 50463.1
0.0022123893805309734 1585.5 50519.3
0.0022123893805309734 1585.5 50571.9
0.0022123893805309734 1585.5 50628.2
0.0022123893805309734 1585.5 50683.9
0.0022123893805309734 1585.5 50740.3
0.0022123893805309734 1585.5 50793.0
0.0022123893805309734 1585.5 50850.2
0.0022123893805309734 1585.5 50905.4
0.0022123893805309734 1585.5 50959.5
0.0022123893805309734 1585.5 51013.7
0.0022123893805309734 1585.5 51066.8
0.0022123893805309734 1585.5 51124.5
0.0022123893805309734 1585.5 51178.7
0.0022123893805309734 1585.5 51232.7
0.0022123893805309734 1585.5 51290.2
0.0022123893805309734 1585.5 51345.5
0.0022123893805309734 1585.5 51400.2
0.0022123893805309734 1585.5 51453.8
0.0022123893805309734 1585.5 51509.3
0.0022123893805309734 1585.5 51565.6
0.0022123893805309734 1585.5 51621.0
0.0022123893805309734 1585.5 51674.9
0.0022123893805309734 1585.5 51730.3
0.0022123893805309734 1585.5 51784.1
0.0022123893805309734 1585.5 51840.1
0.0022123893805309734 1585.5 51894.4
0.0022123893805309734 1585.5 51949.2
0.0022123893805309734 1585.5 52004.9
0.0022123893805309734 1585.5 52059.1
0.0022123893805309734 1585.5 52112.5
0.0022123893805309734 1585.5 52168.7
0.0022123893805309734 1585.5 52222.5
0.0022123893805309734 1585.5 52278.8
0.0022123893805309734 1585.5 52333.7
0.0022123893805309734 1585.5 52386.1
0.0022123893805309734 1585.5 52443.6
0.0022123893805309734 1585.5 52497.4
0.0022123893805309734 1585.5 52553.2
0.0022123893805309734 1585.5 52608.3
0.0022123893805309734 1585.5 52665.1
0.0022123893805309734 1585.5 52720.5
0.0022123893805309734 1585.5 52775.9
0.0022123893805309734 1585.5 52831.4
0.0022123893805309734 1585.5 52888.0
0.0022123893805309734 1585.5 52941.9
0.0022123893805309734 1585.5 52997.2
0.0022123893805309734 1585.5 53050.7
0.0022123893805309734 1585.5 53106.8
0.0021491782553729457 1585.4 53162.1
0.0021491782553729457 1585.4 53216.2
0.0021491782553729457 1585.4 53269.5
0.0021491782553729457 1585.4 53325.5
0.0021491782553729457 1585.4 53380.0
0.0021491782553729457 1585.4 53436.0
0.0021491782553729457 1585.4 53489.5
0.0021491782553729457 1585.4 53544.1
0.0021491782553729457 1585.4 53599.8
0.0021491782553729457 1585.4 53654.3
0.0021491782553729457 1585.4 53711.0
0.0021491782553729457 1585.4 53764.8
0.0021491782553729457 1585.4 53819.0
0.0021491782553729457 1585.4 53873.8
0.0021491782553729457 1585.4 53928.5
0.0021491782553729457 1585.4 53982.3
0.0021491782553729457 1585.4 54039.7
0.0021491782553729457 1585.4 54094.4
0.0021491782553729457 1585.4 54149.9
0.0021491782553729457 1585.4 54205.6
0.0021491782553729457 1585.4 54260.4
0.0021491782553729457 1585.4 54317.6
0.0021491782553729457 1585.4 54371.6
0.0021491782553729457 1585.4 54426.4
0.0021491782553729457 1585.4 54478.6
0.0021491782553729457 1585.4 54538.0
0.0021491782553729457 1585.4 54591.2
0.0021491782553729457 1585.4 54647.0
0.0021491782553729457 1585.4 54702.2
0.0021491782553729457 1585.4 54756.1
0.0021491782553729457 1585.4 54811.6
0.0021491782553729457 1585.4 54867.9
0.0021491782553729457 1585.4 54922.8
0.0020859671302149185 1585.3 54978.4
0.0020859671302149185 1585.3 55033.6
0.0020859671302149185 1585.3 55088.4
0.0020859671302149185 1585.3 55144.2
0.0020859671302149185 1585.3 55201.8
0.0020859671302149185 1585.3 55255.0
0.0020859671302149185 1585.3 55312.5
0.0020859671302149185 1585.3 55365.1
0.0020859671302149185 1585.3 55424.1
0.0020859671302149185 1585.3 55478.9
0.0020859671302149185 1585.3 55533.4
0.0020859671302149185 1585.3 55588.6
0.0020859671302149185 1585.3 55645.3
0.0020859671302149185 1585.3 55701.9
0.0020859671302149185 1585.3 55756.1
0.0020859671302149185 1585.3 55814.8
0.0020859671302149185 1585.3 55869.1
0.0020859671302149185 1585.3 55926.0
0.0020859671302149185 1585.3 55978.2
0.0020859671302149185 1585.3 56036.2
0.0020859671302149185 1585.3 56090.3
0.0020859671302149185 1585.3 56144.3
0.0020859671302149185 1585.3 56201.2
0.0020859671302149185 1585.3 56257.0
0.0020859671302149185 1585.3 56312.5
0.0020859671302149185 1585.3 56368.2
0.0020859671302149185 1585.3 56422.4
0.0020859671302149185 1585.3 56475.8
0.0020859671302149185 1585.3 56532.4
0.0020859671302149185 1585.3 56587.4
0.0020859671302149185 1585.3 56644.3
0.0020859671302149185 1585.3 56699.2
0.0020859671302149185 1585.3 56753.8
0.0020859671302149185 1585.3 56809.3
0.0020859671302149185 1585.3 56863.7
0.0020859671302149185 1585.3 56921.2
0.0020859671302149185 1585.3 56976.8
0.0020859671302149185 1585.3 57032.3
0.0020859671302149185 1585.3 57086.7
0.0020859671302149185 1585.3 57143.7
0.0020859671302149185 1585.3 57201.4
0.0020859671302149185 1585.3 57257.5
0.0020859671302149185 1585.3 57312.1
0.0020859671302149185 1585.3 57373.2
0.0020859671302149185 1585.3 57428.8
0.0020859671302149185 1585.3 57482.8
0.0020859671302149185 1585.3 57540.0
0.0020859671302149185 1585.3 57594.0
0.0020859671302149185 1585.3 57650.5
0.0020859671302149185 1585.3 57704.6
0.0020859671302149185 1585.3 57759.6
0.0020859671302149185 1585.3 57816.7
0.0020859671302149185 1585.3 57870.9
0.0020859671302149185 1585.3 57926.4
0.0020859671302149185 1585.3 57983.1
0.0020859671302149185 1585.3 58038.9
0.0020859671302149185 1585.3 58093.1
0.0020859671302149185 1585.3 58148.6
0.0020859671302149185 1585.3 58202.8
0.0020859671302149185 1585.3 58260.2
0.0020859671302149185 1585.3 58316.0
0.002212389380530974 1585.5 57940.375
0.002212389380530974 1585.5 57996.375
0.002212389380530974 1585.5 58049.875
0.002212389380530974 1585.5 58105.5
0.002212389380530974 1585.5 58161.375
0.002212389380530974 1585.5 58218.5
0.002212389380530974 1585.5 58271.375
0.002212389380530974 1585.5 58328.625
0.002212389380530974 1585.5 58383.125
0.002212389380530974 1585.5 58438.625
0.002212389380530974 1585.5 58492.25
0.002212389380530974 1585.5 58548.125
0.002212389380530974 1585.5 58600.25
0.002212389380530974 1585.5 58656.375
0.002212389380530974 1585.5 58713.0
0.002212389380530974 1585.5 58770.125
0.002212389380530974 1585.5 58827.0
0.002212389380530974 1585.5 58881.5
0.002212389380530974 1585.5 58938.75
0.002212389380530974 1585.5 58993.625
0.002212389380530974 1585.5 59050.625
0.002212389380530974 1585.5 59104.125
0.0023478417915838907 1585.7142857142858 59028.71428571428
0.0023478417915838907 1585.7142857142858 59082.857142857145
0.001790981879477455 1584.8333333333333 58976.666666666664
0.001790981879477455 1584.8333333333333 59028.333333333336
0.001790981879477455 1584.8333333333333 59086.833333333336
0.001790981879477455 1584.8333333333333 59141.166666666664
0.001790981879477455 1584.8333333333333 59194.833333333336
0.001790981879477455 1584.8333333333333 59253.333333333336
0.001790981879477455 1584.8333333333333 59305.333333333336
0.001790981879477455 1584.8333333333333 59364.0
0.001790981879477455 1584.8333333333333 59417.333333333336
0.0016434892541087234 1584.6 59350.4
0.0016434892541087234 1584.6 59407.0
0.0016434892541087234 1584.6 59461.0
0.001422250316055626 1584.25 59371.25
0.001422250316055626 1584.25 59427.0
0.001422250316055626 1584.25 59482.25
0.001422250316055626 1584.25 59532.75
0.001422250316055626 1584.25 59588.75
0.001422250316055626 1584.25 59642.75
0.001685630004214075 1584.6666666666667 59564.333333333336
0.0012642225031605564 1584.0 59383.0
0.0012642225031605564 1584.0 59436.5
0.0012642225031605564 1584.0 59514.0
0.0012642225031605564 1584.0 59570.5
0.0012642225031605564 1584.0 59627.5
0.0012642225031605564 1584.0 59683.0
0.0012642225031605564 1584.0 59741.5
0.0012642225031605564 1584.0 59799.5
0.0012642225031605564 1584.0 59856.5
0.0012642225031605564 1584.0 59914.0
0.0012642225031605564 1584.0 59969.5
0.0018963337547408343 1585.0 59995.0
0.0018963337547408343 1585.0 60053.0