0.0031571218795888394 2732.6 58.9
0.0020190895741556535 2729.5 112.1
0.0015785609397944201 2728.3 168.9
0.0015051395007342147 2728.1 224.8
0.0014684287812041117 2728.0 280.6
0.0012848751835535977 2727.5 334.5
0.0012848751835535977 2727.5 389.8
0.0011013215859030838 2727.0 445.5
7.342143906020558E-4 2726.0 501.7
5.506607929515418E-4 2725.5 556.0
3.671071953010279E-4 2725.0 612.8
1.8355359765051394E-4 2724.5 667.9
1.8355359765051394E-4 2724.5 723.8
1.8355359765051394E-4 2724.5 778.4
0.0 2724.0 834.8
0.0 2724.0 888.6
0.0 2724.0 944.6
0.0 2724.0 999.3
0.0 2724.0 1054.0
0.0 2724.0 1111.8
0.0 2724.0 1165.2
0.0 2724.0 1220.0
0.0 2724.0 1275.8
0.0 2724.0 1331.7
0.0 2724.0 1385.2
0.0 2724.0 1439.1
0.0 2724.0 1498.2
0.0 2724.0 1552.0
0.0 2724.0 1602.1
0.0 2724.0 1663.1
0.0 2724.0 1718.2
0.0 2724.0 1773.3
0.0 2724.0 1828.2
0.0 2724.0 1883.3
0.0 2724.0 1935.3
0.0 2724.0 1993.7
0.0 2724.0 2050.2
0.0 2724.0 2103.3
0.0 2724.0 2159.2
0.0 2724.0 2213.0
0.0 2724.0 2269.1
0.0 2724.0 2324.3
0.0 2724.0 2381.1
0.0 2724.0 2434.7
0.0 2724.0 2491.4
0.0 2724.0 2546.7
0.0 2724.0 2602.9
0.0 2724.0 2655.8
0.0 2724.0 2714.2
0.0 2724.0 2769.7
0.0 2724.0 2822.4
0.0 2724.0 2878.3
0.0 2724.0 2935.5
0.0 2724.0 2990.4
0.0 2724.0 3045.4
0.0 2724.0 3099.8
0.0 2724.0 3155.2
0.0 2724.0 3211.8
0.0 2724.0 3267.6
0.0 2724.0 3322.6
0.0 2724.0 3379.0
0.0 2724.0 3433.3
0.0 2724.0 3489.2
0.0 2724.0 3544.8
0.0 2724.0 3600.9
0.0 2724.0 3657.6
0.0 2724.0 3713.0
0.0 2724.0 3767.7
0.0 2724.0 3822.9
0.0 2724.0 3878.2
0.0 2724.0 3933.4
0.0 2724.0 3990.6
0.0 2724.0 4043.5
0.0 2724.0 4097.9
0.0 2724.0 4153.1
0.0 2724.0 4209.7
0.0 2724.0 4263.7
0.0 2724.0 4318.1
0.0 2724.0 4373.2
0.0 2724.0 4428.5
0.0 2724.0 4484.6
0.0 2724.0 4540.2
0.0 2724.0 4596.7
0.0 2724.0 4651.4
0.0 2724.0 4705.0
0.0 2724.0 4760.2
0.0 2724.0 4816.9
0.0 2724.0 4869.9
0.0 2724.0 4926.6
0.0 2724.0 4984.4
0.0 2724.0 5037.7
0.0 2724.0 5090.9
0.0 2724.0 5151.5
0.0 2724.0 5205.1
0.0 2724.0 5259.8
0.0 2724.0 5316.4
0.0 2724.0 5371.9
0.0 2724.0 5427.4
0.0 2724.0 5480.1
0.0 2724.0 5537.0
0.0 2724.0 5590.7
0.0 2724.0 5646.5
0.0 2724.0 5703.7
0.0 2724.0 5756.6
0.0 2724.0 5812.5
0.0 2724.0 5867.7
0.0 2724.0 5922.9
0.0 2724.0 5977.9
0.0 2724.0 6033.4
0.0 2724.0 6087.8
0.0 2724.0 6142.7
0.0 2724.0 6199.7
0.0 2724.0 6253.6
0.0 2724.0 6308.6
0.0 2724.0 6366.8
0.0 2724.0 6422.2
0.0 2724.0 6477.2
0.0 2724.0 6534.7
0.0 2724.0 6589.3
0.0 2724.0 6643.6
0.0 2724.0 6699.6
0.0 2724.0 6756.4
0.0 2724.0 6810.4
0.0 2724.0 6866.0
0.0 2724.0 6920.5
0.0 2724.0 6977.4
0.0 2724.0 7031.8
0.0 2724.0 7086.7
0.0 2724.0 7142.5
0.0 2724.0 7197.9
0.0 2724.0 7254.6
0.0 2724.0 7309.9
0.0 2724.0 7365.3
0.0 2724.0 7419.8
0.0 2724.0 7474.6
0.0 2724.0 7530.3
0.0 2724.0 7585.9
0.0 2724.0 7641.4
0.0 2724.0 7696.8
0.0 2724.0 7751.5
0.0 2724.0 7805.6
0.0 2724.0 7862.1
0.0 2724.0 7917.7
0.0 2724.0 7971.5
0.0 2724.0 8028.0
0.0 2724.0 8084.8
0.0 2724.0 8140.3
0.0 2724.0 8194.4
0.0 2724.0 8249.5
0.0 2724.0 8306.5
0.0 2724.0 8359.6
0.0 2724.0 8412.4
0.0 2724.0 8470.3
0.0 2724.0 8528.0
0.0 2724.0 8582.1
0.0 2724.0 8637.2
0.0 2724.0 8695.2
0.0 2724.0 8749.5
0.0 2724.0 8806.1
0.0 2724.0 8860.7
0.0 2724.0 8915.7
0.0 2724.0 8971.1
0.0 2724.0 9026.0
0.0 2724.0 9080.5
0.0 2724.0 9135.6
0.0 2724.0 9191.2
0.0 2724.0 9248.6
0.0 2724.0 9302.2
0.0 2724.0 9359.7
0.0 2724.0 9413.9
0.0 2724.0 9465.9
0.0 2724.0 9522.1
0.0 2724.0 9577.5
0.0 2724.0 9632.8
0.0 2724.0 9688.0
0.0 2724.0 9744.6
0.0 2724.0 9798.4
0.0 2724.0 9856.2
0.0 2724.0 9911.7
0.0 2724.0 9966.9
0.0 2724.0 10022.2
0.0 2724.0 10077.8
0.0 2724.0 10131.1
0.0 2724.0 10187.2
0.0 2724.0 10244.1
0.0 2724.0 10298.7
0.0 2724.0 10354.1
0.0 2724.0 10409.9
0.0 2724.0 10463.0
0.0 2724.0 10518.2
0.0 2724.0 10575.3
0.0 2724.0 10630.1
0.0 2724.0 10685.2
0.0 2724.0 10742.9
0.0 2724.0 10796.6
0.0 2724.0 10850.6
0.0 2724.0 10907.9
0.0 2724.0 10962.7
0.0 2724.0 11017.7
0.0 2724.0 11071.9
0.0 2724.0 11128.6
0.0 2724.0 11181.8
0.0 2724.0 11236.3
0.0 2724.0 11293.3
0.0 2724.0 11350.2
0.0 2724.0 11405.9
0.0 2724.0 11459.6
0.0 2724.0 11514.7
0.0 2724.0 11568.6
0.0 2724.0 11624.6
0.0 2724.0 11679.8
0.0 2724.0 11734.4
0.0 2724.0 11792.1
0.0 2724.0 11844.5
0.0 2724.0 11898.9
0.0 2724.0 11956.8
0.0 2724.0 12011.7
0.0 2724.0 12066.1
0.0 2724.0 12122.2
0.0 2724.0 12177.4
0.0 2724.0 12231.1
0.0 2724.0 12287.3
0.0 2724.0 12345.5
0.0 2724.0 12399.8
0.0 2724.0 12454.8
0.0 2724.0 12511.8
0.0 2724.0 12565.8
0.0 2724.0 12620.1
0.0 2724.0 12676.6
0.0 2724.0 12733.1
0.0 2724.0 12786.2
0.0 2724.0 12842.3
0.0 2724.0 12899.1
0.0 2724.0 12953.1
0.0 2724.0 13005.8
0.0 2724.0 13063.9
0.0 2724.0 13119.7
0.0 2724.0 13172.4
0.0 2724.0 13230.3
0.0 2724.0 13283.8
0.0 2724.0 13340.7
0.0 2724.0 13397.2
0.0 2724.0 13451.3
0.0 2724.0 13504.3
0.0 2724.0 13561.9
0.0 2724.0 13618.4
0.0 2724.0 13672.4
0.0 2724.0 13726.2
0.0 2724.0 13782.4
0.0 2724.0 13835.2
0.0 2724.0 13890.5
0.0 2724.0 13949.2
0.0 2724.0 14002.2
0.0 2724.0 14056.0
0.0 2724.0 14110.8
0.0 2724.0 14168.5
0.0 2724.0 14222.2
0.0 2724.0 14278.8
0.0 2724.0 14333.7
0.0 2724.0 14389.3
0.0 2724.0 14444.2
0.0 2724.0 14502.1
0.0 2724.0 14556.9
0.0 2724.0 14611.4
0.0 2724.0 14667.7
0.0 2724.0 14721.9
0.0 2724.0 14776.3
0.0 2724.0 14833.5
0.0 2724.0 14889.1
0.0 2724.0 14943.5
0.0 2724.0 15000.6
0.0 2724.0 15054.5
0.0 2724.0 15109.7
0.0 2724.0 15165.6
0.0 2724.0 15220.5
0.0 2724.0 15277.3
0.0 2724.0 15332.7
0.0 2724.0 15385.8
0.0 2724.0 15441.9
0.0 2724.0 15498.9
0.0 2724.0 15555.2
0.0 2724.0 15610.0
0.0 2724.0 15665.5
0.0 2724.0 15718.5
0.0 2724.0 15775.3
0.0 2724.0 15829.7
0.0 2724.0 15886.4
0.0 2724.0 15942.2
0.0 2724.0 15995.9
0.0 2724.0 16051.5
0.0 2724.0 16107.5
0.0 2724.0 16162.6
0.0 2724.0 16216.9
0.0 2724.0 16272.7
0.0 2724.0 16328.4
0.0 2724.0 16382.4
0.0 2724.0 16437.5
0.0 2724.0 16493.5
0.0 2724.0 16548.1
0.0 2724.0 16603.8
0.0 2724.0 16659.2
0.0 2724.0 16715.7
0.0 2724.0 16771.6
0.0 2724.0 16825.7
0.0 2724.0 16881.6
0.0 2724.0 16935.7
0.0 2724.0 16990.2
0.0 2724.0 17049.2
0.0 2724.0 17103.3
0.0 2724.0 17157.2
0.0 2724.0 17210.8
0.0 2724.0 17269.2
0.0 2724.0 17322.6
0.0 2724.0 17378.5
0.0 2724.0 17433.3
0.0 2724.0 17490.0
0.0 2724.0 17543.5
0.0 2724.0 17598.4
0.0 2724.0 17654.9
0.0 2724.0 17709.6
0.0 2724.0 17764.1
0.0 2724.0 17820.4
0.0 2724.0 17874.7
0.0 2724.0 17928.9
0.0 2724.0 17983.5
0.0 2724.0 18038.8
0.0 2724.0 18095.3
0.0 2724.0 18149.9
0.0 2724.0 18205.5
0.0 2724.0 18259.4
0.0 2724.0 18315.9
0.0 2724.0 18371.5
0.0 2724.0 18427.2
0.0 2724.0 18482.6
0.0 2724.0 18540.0
0.0 2724.0 18592.5
0.0 2724.0 18644.0
0.0 2724.0 18701.6
0.0 2724.0 18757.3
0.0 2724.0 18813.1
0.0 2724.0 18867.9
0.0 2724.0 18924.2
0.0 2724.0 18979.3
0.0 2724.0 19031.9
0.0 2724.0 19084.8
0.0 2724.0 19144.8
0.0 2724.0 19200.0
0.0 2724.0 19257.2
0.0 2724.0 19312.1
0.0 2724.0 19366.7
0.0 2724.0 19421.9
0.0 2724.0 19477.8
0.0 2724.0 19531.7
0.0 2724.0 19589.4
0.0 2724.0 19644.0
0.0 2724.0 19697.7
0.0 2724.0 19754.4
0.0 2724.0 19810.2
0.0 2724.0 19867.0
0.0 2724.0 19920.9
0.0 2724.0 19977.6
0.0 2724.0 20032.8
0.0 2724.0 20087.2
0.0 2724.0 20142.3
0.0 2724.0 20197.8
0.0 2724.0 20253.0
0.0 2724.0 20307.0
0.0 2724.0 20363.2
0.0 2724.0 20418.4
0.0 2724.0 20472.7
0.0 2724.0 20529.5
0.0 2724.0 20583.6
0.0 2724.0 20637.8
0.0 2724.0 20691.9
0.0 2724.0 20747.4
0.0 2724.0 20804.6
0.0 2724.0 20858.4
0.0 2724.0 20915.7
0.0 2724.0 20969.1
0.0 2724.0 21023.9
0.0 2724.0 21077.7
0.0 2724.0 21135.3
0.0 2724.0 21190.2
0.0 2724.0 21248.3
0.0 2724.0 21302.5
0.0 2724.0 21356.7
0.0 2724.0 21409.6
0.0 2724.0 21467.0
0.0 2724.0 21521.0
0.0 2724.0 21576.8
0.0 2724.0 21634.2
0.0 2724.0 21688.0
0.0 2724.0 21742.7
0.0 2724.0 21799.0
0.0 2724.0 21853.8
0.0 2724.0 21910.6
0.0 2724.0 21967.2
0.0 2724.0 22020.9
0.0 2724.0 22074.5
0.0 2724.0 22129.0
0.0 2724.0 22184.1
0.0 2724.0 22238.4
0.0 2724.0 22293.7
0.0 2724.0 22350.8
0.0 2724.0 22408.0
0.0 2724.0 22463.2
0.0 2724.0 22519.6
0.0 2724.0 22575.4
0.0 2724.0 22630.0
0.0 2724.0 22684.2
0.0 2724.0 22737.5
0.0 2724.0 22794.8
0.0 2724.0 22847.8
0.0 2724.0 22906.7
0.0 2724.0 22960.4
0.0 2724.0 23014.8
0.0 2724.0 23071.2
0.0 2724.0 23127.5
0.0 2724.0 23183.4
0.0 2724.0 23237.0
0.0 2724.0 23293.4
0.0 2724.0 23347.7
0.0 2724.0 23402.2
0.0 2724.0 23458.4
0.0 2724.0 23514.6
0.0 2724.0 23569.4
0.0 2724.0 23627.8
0.0 2724.0 23681.4
0.0 2724.0 23736.7
0.0 2724.0 23790.2
0.0 2724.0 23847.9
0.0 2724.0 23903.2
0.0 2724.0 23958.7
0.0 2724.0 24014.4
0.0 2724.0 24069.8
0.0 2724.0 24126.0
0.0 2724.0 24181.0
0.0 2724.0 24237.5
0.0 2724.0 24291.5
0.0 2724.0 24345.9
0.0 2724.0 24398.7
0.0 2724.0 24454.3
0.0 2724.0 24509.5
0.0 2724.0 24563.7
0.0 2724.0 24620.0
0.0 2724.0 24677.4
0.0 2724.0 24731.8
0.0 2724.0 24788.3
0.0 2724.0 24844.2
0.0 2724.0 24896.5
0.0 2724.0 24954.5
0.0 2724.0 25009.2
0.0 2724.0 25065.3
0.0 2724.0 25119.7
0.0 2724.0 25175.8
0.0 2724.0 25231.8
0.0 2724.0 25284.7
0.0 2724.0 25338.6
0.0 2724.0 25396.0
0.0 2724.0 25450.8
0.0 2724.0 25505.6
0.0 2724.0 25563.7
0.0 2724.0 25618.9
0.0 2724.0 25674.1
0.0 2724.0 25730.4
0.0 2724.0 25784.1
0.0 2724.0 25841.6
0.0 2724.0 25896.3
0.0 2724.0 25950.0
0.0 2724.0 26004.4
0.0 2724.0 26062.2
0.0 2724.0 26116.7
0.0 2724.0 26172.9
0.0 2724.0 26228.4
0.0 2724.0 26283.5
0.0 2724.0 26337.3
0.0 2724.0 26392.5
0.0 2724.0 26449.4
0.0 2724.0 26505.3
0.0 2724.0 26558.8
0.0 2724.0 26614.9
0.0 2724.0 26670.9
0.0 2724.0 26727.2
0.0 2724.0 26780.9
0.0 2724.0 26837.5
0.0 2724.0 26892.6
0.0 2724.0 26947.3
0.0 2724.0 27003.5
0.0 2724.0 27058.1
0.0 2724.0 27114.1
0.0 2724.0 27169.8
0.0 2724.0 27226.2
0.0 2724.0 27281.5
0.0 2724.0 27336.8
0.0 2724.0 27392.4
0.0 2724.0 27448.0
0.0 2724.0 27501.6
0.0 2724.0 27556.5
0.0 2724.0 27613.6
0.0 2724.0 27668.5
0.0 2724.0 27723.0
0.0 2724.0 27776.5
0.0 2724.0 27833.2
0.0 2724.0 27889.1
0.0 2724.0 27943.8
0.0 2724.0 27998.5
0.0 2724.0 28055.8
0.0 2724.0 28109.7
0.0 2724.0 28165.8
0.0 2724.0 28223.0
0.0 2724.0 28277.5
0.0 2724.0 28334.2
0.0 2724.0 28389.7
0.0 2724.0 28444.2
0.0 2724.0 28497.6
0.0 2724.0 28554.6
0.0 2724.0 28609.2
0.0 2724.0 28665.5
0.0 2724.0 28721.2
0.0 2724.0 28775.7
0.0 2724.0 28829.9
0.0 2724.0 28883.7
0.0 2724.0 28940.3
0.0 2724.0 28994.7
0.0 2724.0 29050.6
0.0 2724.0 29106.1
0.0 2724.0 29161.1
0.0 2724.0 29213.7
0.0 2724.0 29273.2
0.0 2724.0 29327.8
0.0 2724.0 29381.7
0.0 2724.0 29440.3
0.0 2724.0 29496.2
0.0 2724.0 29550.3
0.0 2724.0 29604.3
0.0 2724.0 29662.2
0.0 2724.0 29714.9
0.0 2724.0 29771.1
0.0 2724.0 29826.2
0.0 2724.0 29877.8
0.0 2724.0 29935.0
0.0 2724.0 29990.2
0.0 2724.0 30047.8
0.0 2724.0 30101.2
0.0 2724.0 30157.5
0.0 2724.0 30212.4
0.0 2724.0 30266.1
0.0 2724.0 30319.9
0.0 2724.0 30379.5
0.0 2724.0 30433.6
0.0 2724.0 30485.8
0.0 2724.0 30542.4
0.0 2724.0 30599.9
0.0 2724.0 30654.1
0.0 2724.0 30710.4
0.0 2724.0 30767.0
0.0 2724.0 30820.2
0.0 2724.0 30875.2
0.0 2724.0 30932.1
0.0 2724.0 30986.8
0.0 2724.0 31042.3
0.0 2724.0 31096.8
0.0 2724.0 31153.8
0.0 2724.0 31207.1
0.0 2724.0 31264.1
0.0 2724.0 31319.4
0.0 2724.0 31374.8
0.0 2724.0 31430.7
0.0 2724.0 31486.5
0.0 2724.0 31541.4
0.0 2724.0 31595.3
0.0 2724.0 31651.1
0.0 2724.0 31708.8
0.0 2724.0 31763.3
0.0 2724.0 31816.2
0.0 2724.0 31873.2
0.0 2724.0 31928.9
0.0 2724.0 31983.5
0.0 2724.0 32037.8
0.0 2724.0 32093.6
0.0 2724.0 32148.5
0.0 2724.0 32204.8
0.0 2724.0 32257.7
0.0 2724.0 32312.3
0.0 2724.0 32371.1
0.0 2724.0 32426.9
0.0 2724.0 32482.8
0.0 2724.0 32537.9
0.0 2724.0 32593.9
0.0 2724.0 32648.4
0.0 2724.0 32703.4
0.0 2724.0 32758.9
0.0 2724.0 32814.5
0.0 2724.0 32870.2
0.0 2724.0 32925.1
0.0 2724.0 32980.4
0.0 2724.0 33035.8
0.0 2724.0 33088.8
0.0 2724.0 33143.0
0.0 2724.0 33200.4
0.0 2724.0 33258.6
0.0 2724.0 33311.7
0.0 2724.0 33368.3
0.0 2724.0 33423.6
0.0 2724.0 33480.0
0.0 2724.0 33534.6
0.0 2724.0 33589.6
0.0 2724.0 33646.3
0.0 2724.0 33700.2
0.0 2724.0 33755.5
0.0 2724.0 33809.8
0.0 2724.0 33866.5
0.0 2724.0 33922.2
0.0 2724.0 33977.0
0.0 2724.0 34033.5
0.0 2724.0 34089.9
0.0 2724.0 34144.4
0.0 2724.0 34199.4
0.0 2724.0 34255.0
0.0 2724.0 34311.2
0.0 2724.0 34364.2
0.0 2724.0 34420.4
0.0 2724.0 34476.8
0.0 2724.0 34531.4
0.0 2724.0 34586.5
0.0 2724.0 34644.8
0.0 2724.0 34698.8
0.0 2724.0 34753.7
0.0 2724.0 34809.1
0.0 2724.0 34866.0
0.0 2724.0 34920.7
0.0 2724.0 34975.4
0.0 2724.0 35031.4
0.0 2724.0 35086.6
0.0 2724.0 35143.2
0.0 2724.0 35197.9
0.0 2724.0 35253.3
0.0 2724.0 35309.8
0.0 2724.0 35365.1
0.0 2724.0 35420.7
0.0 2724.0 35475.0
0.0 2724.0 35529.7
0.0 2724.0 35585.3
0.0 2724.0 35640.4
0.0 2724.0 35696.2
0.0 2724.0 35752.0
0.0 2724.0 35807.0
0.0 2724.0 35861.5
0.0 2724.0 35916.5
0.0 2724.0 35971.7
0.0 2724.0 36026.5
0.0 2724.0 36083.2
0.0 2724.0 36137.9
0.0 2724.0 36193.1
0.0 2724.0 36248.5
0.0 2724.0 36304.5
0.0 2724.0 36359.7
0.0 2724.0 36416.0
0.0 2724.0 36470.9
0.0 2724.0 36526.3
0.0 2724.0 36581.0
0.0 2724.0 36637.3
0.0 2724.0 36692.0
0.0 2724.0 36747.7
0.0 2724.0 36804.2
0.0 2724.0 36859.2
0.0 2724.0 36913.0
0.0 2724.0 36969.4
0.0 2724.0 37025.7
0.0 2724.0 37080.8
0.0 2724.0 37135.1
0.0 2724.0 37192.5
0.0 2724.0 37246.9
0.0 2724.0 37300.7
0.0 2724.0 37358.6
0.0 2724.0 37412.5
0.0 2724.0 37468.2
0.0 2724.0 37525.0
0.0 2724.0 37579.4
0.0 2724.0 37633.4
0.0 2724.0 37689.4
0.0 2724.0 37743.5
0.0 2724.0 37800.1
0.0 2724.0 37853.8
0.0 2724.0 37909.1
0.0 2724.0 37963.3
0.0 2724.0 38022.6
0.0 2724.0 38075.3
0.0 2724.0 38131.1
0.0 2724.0 38187.7
0.0 2724.0 38242.4
0.0 2724.0 38294.6
0.0 2724.0 38353.0
0.0 2724.0 38406.6
0.0 2724.0 38461.5
0.0 2724.0 38517.7
0.0 2724.0 38572.9
0.0 2724.0 38630.9
0.0 2724.0 38685.8
0.0 2724.0 38740.4
0.0 2724.0 38795.6
0.0 2724.0 38852.4
0.0 2724.0 38908.1
0.0 2724.0 38963.1
0.0 2724.0 39018.5
0.0 2724.0 39074.2
0.0 2724.0 39127.9
0.0 2724.0 39182.7
0.0 2724.0 39240.2
0.0 2724.0 39295.4
0.0 2724.0 39352.4
0.0 2724.0 39407.3
0.0 2724.0 39461.4
0.0 2724.0 39515.6
0.0 2724.0 39572.6
0.0 2724.0 39625.9
0.0 2724.0 39681.6
0.0 2724.0 39737.3
0.0 2724.0 39794.2
0.0 2724.0 39846.7
0.0 2724.0 39900.6
0.0 2724.0 39958.5
0.0 2724.0 40014.0
0.0 2724.0 40065.3
0.0 2724.0 40123.2
0.0 2724.0 40180.3
0.0 2724.0 40235.3
0.0 2724.0 40291.1
0.0 2724.0 40345.5
0.0 2724.0 40401.1
0.0 2724.0 40457.6
0.0 2724.0 40510.9
0.0 2724.0 40567.4
0.0 2724.0 40623.4
0.0 2724.0 40676.5
0.0 2724.0 40732.3
0.0 2724.0 40786.4
0.0 2724.0 40842.7
0.0 2724.0 40897.3
0.0 2724.0 40952.5
0.0 2724.0 41009.7
0.0 2724.0 41065.5
0.0 2724.0 41120.0
0.0 2724.0 41176.7
0.0 2724.0 41231.9
0.0 2724.0 41287.0
0.0 2724.0 41342.1
0.0 2724.0 41396.7
0.0 2724.0 41452.8
0.0 2724.0 41507.0
0.0 2724.0 41563.1
0.0 2724.0 41619.0
0.0 2724.0 41672.4
0.0 2724.0 41730.5
0.0 2724.0 41785.1
0.0 2724.0 41839.5
0.0 2724.0 41896.8
0.0 2724.0 41951.6
0.0 2724.0 42006.1
0.0 2724.0 42063.1
0.0 2724.0 42117.4
0.0 2724.0 42172.5
0.0 2724.0 42229.1
0.0 2724.0 42283.7
0.0 2724.0 42338.8
0.0 2724.0 42394.4
0.0 2724.0 42450.2
0.0 2724.0 42503.8
0.0 2724.0 42560.0
0.0 2724.0 42616.3
0.0 2724.0 42670.8
0.0 2724.0 42727.0
0.0 2724.0 42782.4
0.0 2724.0 42837.2
0.0 2724.0 42893.5
0.0 2724.0 42949.3
0.0 2724.0 43002.4
0.0 2724.0 43058.3
0.0 2724.0 43115.2
0.0 2724.0 43169.6
0.0 2724.0 43225.6
0.0 2724.0 43280.6
0.0 2724.0 43336.4
0.0 2724.0 43390.2
0.0 2724.0 43445.1
0.0 2724.0 43500.5
0.0 2724.0 43555.7
0.0 2724.0 43611.2
0.0 2724.0 43670.6
0.0 2724.0 43728.9
0.0 2724.0 43784.6
0.0 2724.0 43840.5
0.0 2724.0 43896.7
0.0 2724.0 43950.8
0.0 2724.0 44004.2
0.0 2724.0 44064.1
0.0 2724.0 44117.5
0.0 2724.0 44171.4
0.0 2724.0 44230.1
0.0 2724.0 44284.8
0.0 2724.0 44339.7
0.0 2724.0 44394.9
0.0 2724.0 44450.3
0.0 2724.0 44505.5
0.0 2724.0 44560.5
0.0 2724.0 44616.8
0.0 2724.0 44670.5
0.0 2724.0 44728.7
0.0 2724.0 44783.2
0.0 2724.0 44836.0
0.0 2724.0 44892.3
0.0 2724.0 44948.9
0.0 2724.0 45001.9
0.0 2724.0 45059.2
0.0 2724.0 45114.8
0.0 2724.0 45169.0
0.0 2724.0 45226.7
0.0 2724.0 45283.2
0.0 2724.0 45337.2
0.0 2724.0 45391.6
0.0 2724.0 45449.3
0.0 2724.0 45504.2
0.0 2724.0 45556.3
0.0 2724.0 45613.0
0.0 2724.0 45666.4
0.0 2724.0 45722.7
0.0 2724.0 45777.4
0.0 2724.0 45834.5
0.0 2724.0 45888.6
0.0 2724.0 45942.9
0.0 2724.0 46000.1
0.0 2724.0 46057.9
0.0 2724.0 46114.1
0.0 2724.0 46169.8
0.0 2724.0 46224.5
0.0 2724.0 46279.9
0.0 2724.0 46333.9
0.0 2724.0 46390.6
0.0 2724.0 46444.9
0.0 2724.0 46500.9
0.0 2724.0 46556.2
0.0 2724.0 46611.5
0.0 2724.0 46667.0
0.0 2724.0 46721.9
0.0 2724.0 46777.2
0.0 2724.0 46831.0
0.0 2724.0 46889.6
0.0 2724.0 46944.6
0.0 2724.0 47000.1
0.0 2724.0 47053.4
0.0 2724.0 47109.1
0.0 2724.0 47163.9
0.0 2724.0 47219.4
0.0 2724.0 47274.6
0.0 2724.0 47330.2
0.0 2724.0 47385.1
0.0 2724.0 47440.3
0.0 2724.0 47496.1
0.0 2724.0 47552.5
0.0 2724.0 47607.7
0.0 2724.0 47664.1
0.0 2724.0 47717.5
0.0 2724.0 47774.2
0.0 2724.0 47831.0
0.0 2724.0 47885.2
0.0 2724.0 47939.7
0.0 2724.0 47995.6
0.0 2724.0 48050.4
0.0 2724.0 48107.5
0.0 2724.0 48161.4
0.0 2724.0 48218.0
0.0 2724.0 48274.1
0.0 2724.0 48329.9
0.0 2724.0 48386.2
0.0 2724.0 48441.2
0.0 2724.0 48495.7
0.0 2724.0 48552.3
0.0 2724.0 48606.9
0.0 2724.0 48663.0
0.0 2724.0 48716.9
0.0 2724.0 48773.3
0.0 2724.0 48828.9
0.0 2724.0 48883.8
0.0 2724.0 48939.4
0.0 2724.0 48995.0
0.0 2724.0 49052.2
0.0 2724.0 49106.2
0.0 2724.0 49161.6
0.0 2724.0 49217.9
0.0 2724.0 49273.3
0.0 2724.0 49329.9
0.0 2724.0 49384.1
0.0 2724.0 49436.7
0.0 2724.0 49491.5
0.0 2724.0 49549.3
0.0 2724.0 49604.0
0.0 2724.0 49659.0
0.0 2724.0 49713.9
0.0 2724.0 49769.8
0.0 2724.0 49826.7
0.0 2724.0 49879.1
0.0 2724.0 49934.2
0.0 2724.0 49990.7
0.0 2724.0 50045.1
0.0 2724.0 50097.6
0.0 2724.0 50153.2
0.0 2724.0 50210.6
0.0 2724.0 50264.3
0.0 2724.0 50320.9
0.0 2724.0 50376.7
0.0 2724.0 50430.9
0.0 2724.0 50487.8
0.0 2724.0 50544.9
0.0 2724.0 50599.4
0.0 2724.0 50652.7
0.0 2724.0 50708.9
0.0 2724.0 50764.7
0.0 2724.0 50818.3
0.0 2724.0 50875.5
0.0 2724.0 50929.0
0.0 2724.0 50984.5
0.0 2724.0 51041.3
0.0 2724.0 51096.0
0.0 2724.0 51151.8
0.0 2724.0 51207.1
0.0 2724.0 51262.2
0.0 2724.0 51319.4
0.0 2724.0 51374.5
0.0 2724.0 51429.3
0.0 2724.0 51481.6
0.0 2724.0 51537.5
0.0 2724.0 51596.3
0.0 2724.0 51652.1
0.0 2724.0 51703.1
0.0 2724.0 51759.0
0.0 2724.0 51817.1
0.0 2724.0 51870.0
0.0 2724.0 51926.6
0.0 2724.0 51982.5
0.0 2724.0 52039.4
0.0 2724.0 52092.9
0.0 2724.0 52146.5
0.0 2724.0 52203.7
0.0 2724.0 52258.9
0.0 2724.0 52312.9
0.0 2724.0 52369.8
0.0 2724.0 52422.9
0.0 2724.0 52478.9
0.0 2724.0 52534.2
0.0 2724.0 52589.0
0.0 2724.0 52643.9
0.0 2724.0 52699.2
0.0 2724.0 52755.0
0.0 2724.0 52809.8
0.0 2724.0 52865.3
0.0 2724.0 52920.9
0.0 2724.0 52975.2
0.0 2724.0 53030.3
0.0 2724.0 53087.7
0.0 2724.0 53141.7
0.0 2724.0 53197.0
0.0 2724.0 53251.5
0.0 2724.0 53309.1
0.0 2724.0 53361.1
0.0 2724.0 53416.2
0.0 2724.0 53473.4
0.0 2724.0 53530.1
0.0 2724.0 53586.0
0.0 2724.0 53642.0
0.0 2724.0 53697.4
0.0 2724.0 53752.3
0.0 2724.0 53807.4
0.0 2724.0 53861.7
0.0 2724.0 53918.4
0.0 2724.0 53974.4
0.0 2724.0 54027.5
0.0 2724.0 54082.0
0.0 2724.0 54139.9
0.0 2724.0 54194.6
0.0 2724.0 54249.9
0.0 2724.0 54304.3
0.0 2724.0 54361.0
0.0 2724.0 54415.1
0.0 2724.0 54469.4
0.0 2724.0 54526.5
0.0 2724.0 54581.7
0.0 2724.0 54637.3
0.0 2724.0 54694.3
0.0 2724.0 54749.3
0.0 2724.0 54804.3
0.0 2724.0 54857.4
0.0 2724.0 54913.5
0.0 2724.0 54967.1
0.0 2724.0 55024.6
0.0 2724.0 55079.2
0.0 2724.0 55135.5
0.0 2724.0 55190.0
0.0 2724.0 55245.1
0.0 2724.0 55299.1
0.0 2724.0 55356.7
0.0 2724.0 55409.9
0.0 2724.0 55464.9
0.0 2724.0 55521.6
0.0 2724.0 55577.9
0.0 2724.0 55629.6
0.0 2724.0 55684.2
0.0 2724.0 55743.0
0.0 2724.0 55797.3
0.0 2724.0 55851.8
0.0 2724.0 55908.9
0.0 2724.0 55964.2
0.0 2724.0 56020.3
0.0 2724.0 56074.3
0.0 2724.0 56129.9
0.0 2724.0 56184.9
0.0 2724.0 56240.4
0.0 2724.0 56297.1
0.0 2724.0 56352.3
0.0 2724.0 56407.6
0.0 2724.0 56462.1
0.0 2724.0 56518.3
0.0 2724.0 56571.6
0.0 2724.0 56628.4
0.0 2724.0 56683.4
0.0 2724.0 56738.0
0.0 2724.0 56793.8
0.0 2724.0 56847.8
0.0 2724.0 56902.9
0.0 2724.0 56959.0
0.0 2724.0 57016.0
0.0 2724.0 57071.8
0.0 2724.0 57126.1
0.0 2724.0 57181.4
0.0 2724.0 57237.6
0.0 2724.0 57292.8
0.0 2724.0 57346.7
0.0 2724.0 57402.8
0.0 2724.0 57458.0
0.0 2724.0 57512.0
0.0 2724.0 57566.9
0.0 2724.0 57623.9
0.0 2724.0 57677.4
0.0 2724.0 57732.2
0.0 2724.0 57788.4
0.0 2724.0 57840.6
0.0 2724.0 57899.2
0.0 2724.0 57956.5
0.0 2724.0 58011.9
0.0 2724.0 58068.2
0.0 2724.0 58124.0
0.0 2724.0 58176.8
0.0 2724.0 58234.9
0.0 2724.0 58289.8
0.0 2724.0 58345.4
0.0 2724.0 58400.9
0.0 2724.0 58455.0
0.0 2724.0 58509.3
0.0 2724.0 58564.2
0.0 2724.0 58619.9
0.0 2724.0 58675.6
0.0 2724.0 58731.4
0.0 2724.0 58788.5
0.0 2724.0 58842.3
0.0 2724.0 58896.7
0.0 2724.0 58952.2
0.0 2724.0 59009.1
0.0 2724.0 59062.9
0.0 2724.0 59118.7
0.0 2724.0 59175.4
0.0 2724.0 59229.6
0.0 2724.0 59285.3
0.0 2724.0 59339.0
0.0 2724.0 59396.6
0.0 2724.0 59451.5
0.0 2724.0 59506.4
0.0 2724.0 59562.2
0.0 2724.0 59616.5
0.0 2724.0 59671.3
0.0 2724.0 59725.4
0.0 2724.0 59780.2
0.0 2724.0 59836.1
0.0 2724.0 59892.9
0.0 2724.0 59946.7
0.0 2724.0 59982.875
0.0 2724.0 60004.5
0.0 2724.0 60013.0
