0.020505006530256855 2344.1 144.6
0.01802350892468437 2338.4 288.8
0.0173704832390074 2336.9 434.5
0.01602089682194166 2333.8 581.2
0.015977361776229864 2333.7 726.0
0.015542011319111884 2332.7 871.6
0.014192424902046146 2329.6 1016.6
0.01410535481062255 2329.4 1161.2
0.013974749673487158 2329.1 1308.1
0.01393121462777536 2329.0 1456.4
0.013800609490639965 2328.7 1605.4
0.013670004353504572 2328.4 1752.7
0.013539399216369177 2328.1 1903.5
0.013539399216369177 2328.1 2049.3
0.013104048759251197 2327.1 2193.3
0.013104048759251197 2327.1 2339.3
0.013104048759251197 2327.1 2486.4
0.013104048759251197 2327.1 2632.9
0.013104048759251197 2327.1 2778.6
0.013060513713539399 2327.0 2924.4
0.012189812799303439 2325.0 3068.3
0.012146277753591641 2324.9 3212.5
0.011580322159338265 2323.6 3357.7
0.011580322159338265 2323.6 3504.1
0.011580322159338265 2323.6 3651.1
0.011580322159338265 2323.6 3796.1
0.011580322159338265 2323.6 3942.4
0.011144971702220287 2322.6 4086.4
0.011144971702220287 2322.6 4230.8
0.011144971702220287 2322.6 4375.1
0.011144971702220287 2322.6 4519.2
0.011144971702220287 2322.6 4665.8
0.010579016107966913 2321.3 4812.1
0.010535481062255115 2321.2 4957.5
0.010535481062255115 2321.2 5101.1
0.010535481062255115 2321.2 5243.6
0.010535481062255115 2321.2 5389.5
0.010535481062255115 2321.2 5534.9
0.010535481062255115 2321.2 5679.3
0.010535481062255115 2321.2 5821.9
0.010535481062255115 2321.2 5968.5
0.010535481062255115 2321.2 6114.7
0.010535481062255115 2321.2 6259.2
0.010535481062255115 2321.2 6403.7
0.010535481062255115 2321.2 6547.5
0.010535481062255115 2321.2 6691.4
0.010535481062255115 2321.2 6835.8
0.010535481062255115 2321.2 6980.3
0.010317805833696125 2320.7 7123.7
0.010100130605137135 2320.2 7267.9
0.01001306051371354 2320.0 7409.3
0.01001306051371354 2320.0 7552.5
0.01001306051371354 2320.0 7696.0
0.01001306051371354 2320.0 7838.9
0.01001306051371354 2320.0 7980.3
0.01001306051371354 2320.0 8125.3
0.01001306051371354 2320.0 8267.6
0.01001306051371354 2320.0 8412.1
0.01001306051371354 2320.0 8554.7
0.01001306051371354 2320.0 8699.4
0.01001306051371354 2320.0 8842.4
0.009925990422289943 2319.8 8985.1
0.009925990422289943 2319.8 9126.9
0.009664780148019156 2319.2 9271.3
0.009664780148019156 2319.2 9416.3
0.009664780148019156 2319.2 9559.5
0.009664780148019156 2319.2 9703.7
0.009098824553765782 2317.9 9846.3
0.009098824553765782 2317.9 9991.1
0.009098824553765782 2317.9 10133.8
0.009098824553765782 2317.9 10276.0
0.009098824553765782 2317.9 10419.4
0.009098824553765782 2317.9 10563.6
0.009098824553765782 2317.9 10705.5
0.009098824553765782 2317.9 10850.8
0.009098824553765782 2317.9 10995.1
0.008968219416630388 2317.6 11139.6
0.008968219416630388 2317.6 11283.6
0.008968219416630388 2317.6 11427.0
0.008968219416630388 2317.6 11570.4
0.008968219416630388 2317.6 11714.4
0.008968219416630388 2317.6 11857.8
0.008968219416630388 2317.6 12001.0
0.008968219416630388 2317.6 12146.8
0.008968219416630388 2317.6 12287.6
0.008968219416630388 2317.6 12430.9
0.008968219416630388 2317.6 12572.7
0.008968219416630388 2317.6 12716.1
0.008968219416630388 2317.6 12858.4
0.008968219416630388 2317.6 13001.8
0.008968219416630388 2317.6 13146.1
0.008968219416630388 2317.6 13289.9
0.008968219416630388 2317.6 13432.9
0.008968219416630388 2317.6 13574.2
0.008968219416630388 2317.6 13717.2
0.008968219416630388 2317.6 13860.2
0.008968219416630388 2317.6 14005.4
0.008968219416630388 2317.6 14146.1
0.008968219416630388 2317.6 14292.5
0.008968219416630388 2317.6 14437.0
0.008837614279494994 2317.3 14583.0
0.008837614279494994 2317.3 14726.2
0.008837614279494994 2317.3 14870.0
0.008837614279494994 2317.3 15013.6
0.008837614279494994 2317.3 15154.7
0.008837614279494994 2317.3 15300.5
0.008837614279494994 2317.3 15442.5
0.008837614279494994 2317.3 15587.0
0.008837614279494994 2317.3 15730.7
0.008837614279494994 2317.3 15875.5
0.008837614279494994 2317.3 16019.6
0.008837614279494994 2317.3 16160.7
0.008837614279494994 2317.3 16305.8
0.008794079233783196 2317.2 16451.1
0.008794079233783196 2317.2 16595.2
0.008794079233783196 2317.2 16738.1
0.008794079233783196 2317.2 16881.8
0.008794079233783196 2317.2 17031.5
0.008794079233783196 2317.2 17178.8
0.008794079233783196 2317.2 17324.4
0.008794079233783196 2317.2 17470.8
0.008097518502394428 2315.6 17622.4
0.008097518502394428 2315.6 17769.5
0.008097518502394428 2315.6 17918.2
0.008097518502394428 2315.6 18068.6
0.008097518502394428 2315.6 18220.4
0.008097518502394428 2315.6 18376.1
0.008097518502394428 2315.6 18522.9
0.008097518502394428 2315.6 18667.5
0.008097518502394428 2315.6 18813.7
0.008097518502394428 2315.6 18959.0
0.008097518502394428 2315.6 19103.4
0.008097518502394428 2315.6 19248.9
0.008097518502394428 2315.6 19394.5
0.008097518502394428 2315.6 19540.3
0.008097518502394428 2315.6 19684.4
0.008097518502394428 2315.6 19829.0
0.008097518502394428 2315.6 19974.8
0.008097518502394428 2315.6 20118.6
0.008097518502394428 2315.6 20263.5
0.008097518502394428 2315.6 20405.1
0.008097518502394428 2315.6 20551.0
0.008097518502394428 2315.6 20694.6
0.008097518502394428 2315.6 20840.4
0.008097518502394428 2315.6 20986.5
0.008097518502394428 2315.6 21131.4
0.008097518502394428 2315.6 21275.2
0.008097518502394428 2315.6 21419.6
0.008097518502394428 2315.6 21565.0
0.008097518502394428 2315.6 21711.0
0.008097518502394428 2315.6 21855.6
0.008097518502394428 2315.6 22000.5
0.008097518502394428 2315.6 22147.2
0.008097518502394428 2315.6 22292.2
0.008097518502394428 2315.6 22438.1
0.008097518502394428 2315.6 22584.7
0.008097518502394428 2315.6 22731.2
0.008097518502394428 2315.6 22877.1
0.008097518502394428 2315.6 23023.4
0.008097518502394428 2315.6 23167.8
0.008097518502394428 2315.6 23314.5
0.008097518502394428 2315.6 23459.2
0.008097518502394428 2315.6 23604.9
0.008097518502394428 2315.6 23749.6
0.008097518502394428 2315.6 23894.2
0.008097518502394428 2315.6 24038.0
0.008097518502394428 2315.6 24183.5
0.008097518502394428 2315.6 24331.0
0.008097518502394428 2315.6 24475.5
0.008097518502394428 2315.6 24621.7
0.008097518502394428 2315.6 24766.1
0.008097518502394428 2315.6 24910.3
0.008097518502394428 2315.6 25054.5
0.008097518502394428 2315.6 25196.6
0.008097518502394428 2315.6 25339.3
0.007792773182411841 2314.9 25483.8
0.007792773182411841 2314.9 25626.3
0.007792773182411841 2314.9 25768.6
0.007792773182411841 2314.9 25914.4
0.007792773182411841 2314.9 26058.6
0.007792773182411841 2314.9 26203.1
0.007792773182411841 2314.9 26346.6
0.007792773182411841 2314.9 26488.8
0.007792773182411841 2314.9 26631.4
0.007792773182411841 2314.9 26776.1
0.007792773182411841 2314.9 26919.3
0.007792773182411841 2314.9 27062.4
0.007792773182411841 2314.9 27205.5
0.007792773182411841 2314.9 27349.2
0.007792773182411841 2314.9 27493.3
0.007792773182411841 2314.9 27636.5
0.007792773182411841 2314.9 27777.8
0.007792773182411841 2314.9 27920.0
0.007705703090988246 2314.7 28064.3
0.007705703090988246 2314.7 28207.6
0.007705703090988246 2314.7 28350.8
0.007705703090988246 2314.7 28495.4
0.007705703090988246 2314.7 28639.7
0.007705703090988246 2314.7 28785.6
0.007705703090988246 2314.7 28930.3
0.007705703090988246 2314.7 29074.0
0.007705703090988246 2314.7 29218.3
0.007705703090988246 2314.7 29361.2
0.007705703090988246 2314.7 29507.0
0.007705703090988246 2314.7 29650.9
0.007705703090988246 2314.7 29792.8
0.007705703090988246 2314.7 29935.9
0.007705703090988246 2314.7 30080.5
0.007705703090988246 2314.7 30225.2
0.007705703090988246 2314.7 30368.1
0.007705703090988246 2314.7 30510.7
0.007705703090988246 2314.7 30653.5
0.007618632999564649 2314.5 30798.0
0.007618632999564649 2314.5 30944.4
0.007618632999564649 2314.5 31089.9
0.007618632999564649 2314.5 31235.6
0.007618632999564649 2314.5 31379.2
0.007618632999564649 2314.5 31523.3
0.007618632999564649 2314.5 31667.9
0.007618632999564649 2314.5 31812.9
0.007618632999564649 2314.5 31957.0
0.007618632999564649 2314.5 32101.0
0.007618632999564649 2314.5 32245.9
0.007618632999564649 2314.5 32392.5
0.007618632999564649 2314.5 32537.7
0.007618632999564649 2314.5 32682.7
0.007618632999564649 2314.5 32826.1
0.007618632999564649 2314.5 32968.5
0.007618632999564649 2314.5 33114.8
0.007618632999564649 2314.5 33258.4
0.007618632999564649 2314.5 33401.8
0.007618632999564649 2314.5 33547.0
0.007618632999564649 2314.5 33689.7
0.007618632999564649 2314.5 33835.4
0.007618632999564649 2314.5 33977.5
0.007618632999564649 2314.5 34120.6
0.007618632999564649 2314.5 34264.2
0.007618632999564649 2314.5 34409.9
0.007444492816717457 2314.1 34554.7
0.007444492816717457 2314.1 34699.1
0.007444492816717457 2314.1 34844.3
0.007444492816717457 2314.1 34986.3
0.007444492816717457 2314.1 35129.8
0.007444492816717457 2314.1 35272.8
0.007444492816717457 2314.1 35415.4
0.007444492816717457 2314.1 35560.0
0.007444492816717457 2314.1 35705.1
0.007444492816717457 2314.1 35850.0
0.007444492816717457 2314.1 35994.1
0.007444492816717457 2314.1 36140.9
0.007444492816717457 2314.1 36289.4
0.007444492816717457 2314.1 36433.8
0.007444492816717457 2314.1 36578.6
0.007444492816717457 2314.1 36726.1
0.007444492816717457 2314.1 36876.3
0.007444492816717457 2314.1 37022.4
0.007444492816717457 2314.1 37168.2
0.007444492816717457 2314.1 37313.7
0.007444492816717457 2314.1 37458.4
0.007444492816717457 2314.1 37601.3
0.007444492816717457 2314.1 37748.1
0.007444492816717457 2314.1 37893.1
0.007444492816717457 2314.1 38036.3
0.007444492816717457 2314.1 38180.1
0.007444492816717457 2314.1 38324.7
0.007444492816717457 2314.1 38468.1
0.007444492816717457 2314.1 38611.9
0.007444492816717457 2314.1 38756.8
0.006922072268175881 2312.9 38901.1
0.006922072268175881 2312.9 39043.9
0.006922072268175881 2312.9 39187.7
0.006747932085328689 2312.5 39333.7
0.006704397039616891 2312.4 39480.6
0.006704397039616891 2312.4 39627.4
0.006704397039616891 2312.4 39771.9
0.006704397039616891 2312.4 39915.9
0.006704397039616891 2312.4 40060.0
0.006704397039616891 2312.4 40204.5
0.006704397039616891 2312.4 40351.6
0.006704397039616891 2312.4 40496.8
0.006704397039616891 2312.4 40647.2
0.006704397039616891 2312.4 40795.6
0.006704397039616891 2312.4 40942.5
0.006704397039616891 2312.4 41090.1
0.006573791902481497 2312.1 41236.2
0.006573791902481497 2312.1 41380.1
0.006573791902481497 2312.1 41525.8
0.006573791902481497 2312.1 41671.8
0.006573791902481497 2312.1 41816.1
0.006573791902481497 2312.1 41961.4
0.006573791902481497 2312.1 42106.6
0.006530256856769699 2312.0 42251.6
0.006530256856769699 2312.0 42402.2
0.006530256856769699 2312.0 42548.3
0.006530256856769699 2312.0 42694.0
0.006530256856769699 2312.0 42841.1
0.0064867218110579005 2311.9 42986.2
0.0064867218110579005 2311.9 43131.8
0.0064867218110579005 2311.9 43278.2
0.006443186765346104 2311.8 43423.6
0.006443186765346104 2311.8 43570.3
0.006443186765346104 2311.8 43715.8
0.006443186765346104 2311.8 43861.1
0.006443186765346104 2311.8 44007.3
0.006443186765346104 2311.8 44151.6
0.006443186765346104 2311.8 44296.4
0.006399651719634305 2311.7 44440.7
0.006399651719634305 2311.7 44585.4
0.006399651719634305 2311.7 44730.0
0.006399651719634305 2311.7 44874.1
0.006399651719634305 2311.7 45019.3
0.006399651719634305 2311.7 45165.6
0.006399651719634305 2311.7 45312.8
0.006399651719634305 2311.7 45459.9
0.006399651719634305 2311.7 45605.9
0.006399651719634305 2311.7 45752.3
0.006399651719634305 2311.7 45897.8
0.00631258162821071 2311.5 58686.875
0.00631258162821071 2311.5 58833.75
0.00631258162821071 2311.5 58983.125
0.00631258162821071 2311.5 59129.375
0.00631258162821071 2311.5 59273.875
0.00609490639965172 2311.0 59298.0
0.006051371353939922 2310.9 46043.5
0.006051371353939922 2310.9 46189.3
0.006051371353939922 2310.9 46334.1
0.006051371353939922 2310.9 46479.6
0.006051371353939922 2310.9 46624.4
0.006051371353939922 2310.9 46769.3
0.006051371353939922 2310.9 46914.1
0.006051371353939922 2310.9 47060.6
0.006051371353939922 2310.9 47204.8
0.006051371353939922 2310.9 47348.5
0.006051371353939922 2310.9 47492.4
0.006051371353939922 2310.9 47638.4
0.006051371353939922 2310.9 47783.0
0.006051371353939922 2310.9 47927.8
0.006051371353939922 2310.9 48071.5
0.006051371353939922 2310.9 48216.9
0.006051371353939922 2310.9 48360.2
0.006051371353939922 2310.9 48504.5
0.006051371353939922 2310.9 48648.7
0.006051371353939922 2310.9 48794.4
0.006051371353939922 2310.9 48938.1
0.006051371353939922 2310.9 49083.1
0.006051371353939922 2310.9 49228.0
0.006051371353939922 2310.9 49371.2
0.006051371353939922 2310.9 49517.0
0.006051371353939922 2310.9 49661.3
0.006051371353939922 2310.9 49806.5
0.006051371353939922 2310.9 49952.4
0.006051371353939922 2310.9 50097.3
0.006051371353939922 2310.9 50241.6
0.006051371353939922 2310.9 50385.4
0.006051371353939922 2310.9 50532.7
0.006051371353939922 2310.9 50678.9
0.006051371353939922 2310.9 50823.6
0.006051371353939922 2310.9 50971.1
0.006051371353939922 2310.9 51116.5
0.006051371353939922 2310.9 51261.9
0.006051371353939922 2310.9 51407.1
0.006051371353939922 2310.9 51553.5
0.006051371353939922 2310.9 51702.9
0.006051371353939922 2310.9 51851.6
0.006051371353939922 2310.9 51997.2
0.006051371353939922 2310.9 52144.6
0.006051371353939922 2310.9 52290.1
0.006051371353939922 2310.9 52436.4
0.006051371353939922 2310.9 52582.5
0.006051371353939922 2310.9 52726.9
0.006051371353939922 2310.9 52871.1
0.006051371353939922 2310.9 53015.7
0.006051371353939922 2310.9 53161.4
0.006051371353939922 2310.9 53307.0
0.006051371353939922 2310.9 53454.7
0.006051371353939922 2310.9 53602.4
0.006051371353939922 2310.9 53749.0
0.006051371353939922 2310.9 53895.7
0.006051371353939922 2310.9 54040.9
0.006051371353939922 2310.9 54187.1
0.006051371353939922 2310.9 54332.5
0.006051371353939922 2310.9 54477.1
0.006051371353939922 2310.9 54626.6
0.006051371353939922 2310.9 54772.4
0.006051371353939922 2310.9 54917.2
0.006051371353939922 2310.9 55061.1
0.006051371353939922 2310.9 55207.4
0.006051371353939922 2310.9 55353.0
0.006051371353939922 2310.9 55496.4
0.006051371353939922 2310.9 55644.5
0.006051371353939922 2310.9 55788.5
0.006051371353939922 2310.9 55936.0
0.006051371353939922 2310.9 56082.6
0.006051371353939922 2310.9 56227.7
0.006051371353939922 2310.9 56375.2
0.006051371353939922 2310.9 56522.0
0.006051371353939922 2310.9 56665.3
0.006051371353939922 2310.9 56812.3
0.006051371353939922 2310.9 56958.3
0.006051371353939922 2310.9 57107.7
0.006051371353939922 2310.9 57250.9
0.006051371353939922 2310.9 57401.3
0.006051371353939922 2310.9 57545.9
0.006051371353939922 2310.9 57692.8
0.006051371353939922 2310.9 57835.7
0.006051371353939922 2310.9 57982.5
0.006051371353939922 2310.9 58128.8
0.006051371353939922 2310.9 58276.3
0.006051371353939922 2310.9 58424.4
0.006051371353939922 2310.9 58570.9
0.006051371353939922 2310.9 58717.2
0.00587723117109273 2310.5 59313.5
0.00587723117109273 2310.5 59462.833333333336
0.005398345668262952 2309.4 59493.0
0.00544188071397475 2309.5 59480.0
0.00544188071397475 2309.5 59624.5
0.00544188071397475 2309.5 59768.5
0.00544188071397475 2309.5 59912.0
0.0034828036569438396 2305.0 59833.0
0.0034828036569438396 2305.0 59976.0
0.0034828036569438396 2305.0 60117.0
