0.1528504333880637 30192.0 13481.0
0.13929512390698384 29837.0 26735.0
0.13929512390698384 29837.0 40060.0
0.13929512390698384 29837.0 53325.0
0.13929512390698384 29837.0 66553.0
A execução terminou!
Tempo calculando soluções: 1.1092166666666667 min.
Melhor tempo total para realizar tarefas: 29837.0
Limite superior(upper bound): 26189.0
Limite inferior(lower bound): 25922.0
Melhor ordem de agendamento:  482 0 350 2 447 484 384 406 6 328 467 7 8 431 269 434 10 277 456 321 399 493 14 15 249 460 17 338 462 468 299 316 296 18 19 20 21 451 307 278 293 373 347 459 454 22 23 483 377 25 259 374 28 361 371 403 265 401 418 488 319 31 363 407 239 324 297 35 397 313 270 356 257 355 376 40 288 294 42 391 44 45 290 1 346 485 48 440 309 446 326 50 51 491 372 233 435 348 386 55 241 436 248 330 336 499 3 464 276 59 268 317 306 273 448 60 264 412 231 395 398 478 438 387 310 425 360 285 225 430 470 420 4 235 465 238 450 67 68 223 291 258 421 497 69 453 335 70 282 331 380 72 428 439 232 416 73 74 5 75 271 76 279 221 341 79 80 308 487 343 82 458 275 84 415 224 9 404 87 433 414 88 89 325 318 315 423 427 93 94 301 432 96 498 441 11 389 367 12 100 490 443 379 322 13 104 254 492 444 263 105 393 107 108 357 289 304 287 110 314 111 424 340 262 364 362 16 115 327 442 339 116 284 247 118 358 120 334 475 121 370 122 344 123 124 469 481 311 230 337 426 128 255 218 198 365 292 329 195 496 260 24 256 385 390 345 138 303 457 26 474 227 27 141 368 142 29 489 143 295 145 146 246 410 148 219 149 419 150 151 152 153 320 196 323 30 402 461 156 486 342 274 158 242 375 236 476 201 32 216 162 495 352 164 165 411 392 167 351 382 168 169 300 33 394 253 252 207 381 34 186 174 452 349 36 176 177 37 266 38 455 422 179 353 305 39 212 41 229 43 46 47 251 214 272 280 49 183 388 480 473 286 354 267 185 194 187 52 53 188 244 190 226 405 193 261 54 56 250 57 413 463 245 237 192 409 58 466 202 210 240 494 61 205 62 63 64 204 65 66 71 208 302 77 437 215 182 234 213 200 78 396 209 181 81 189 283 298 83 479 220 333 445 85 86 472 90 91 199 477 171 184 92 166 163 95 228 97 175 98 400 159 99 429 378 101 102 172 173 243 366 449 103 106 109 112 113 471 197 114 417 117 119 157 125 126 127 129 281 130 408 161 131 312 132 133 134 135 136 211 137 139 140 144 206 222 147 203 154 155 359 217 191 383 160 170 369 332 180 178
Solucao final encontrada em: : Sat Nov 26 15:48:01 BRST 2016
Duração total (em min): 1.1093493515166666
