0.1477719653289549 30059.0 20275.0
0.14147161021803048 29894.0 40445.0
0.14147161021803048 29894.0 61033.0
A execução terminou!
Tempo calculando soluções: 1.0172166666666667 min.
Melhor tempo total para realizar tarefas: 29894.0
Limite superior(upper bound): 26189.0
Limite inferior(lower bound): 25922.0
Melhor ordem de agendamento:  252 0 485 251 254 310 285 3 349 1 4 5 6 367 366 8 422 280 9 10 11 426 12 274 497 2 14 250 393 471 272 457 495 16 17 18 269 352 19 296 306 431 450 345 441 20 375 21 488 316 22 23 387 312 432 338 27 467 294 372 480 262 278 407 368 246 275 429 436 340 276 337 424 443 354 267 458 33 418 34 385 35 234 395 263 381 479 377 304 362 335 7 498 39 373 264 446 41 298 347 380 454 462 374 496 245 472 273 47 286 13 411 481 49 492 493 478 396 53 414 477 55 330 301 56 448 399 58 355 15 474 24 61 388 62 25 63 289 320 65 66 233 445 68 288 287 26 230 491 71 279 283 261 73 74 353 76 28 77 78 256 325 363 297 408 371 487 342 460 82 83 84 464 29 423 85 223 248 321 346 30 31 440 32 36 420 220 91 427 92 221 391 378 437 94 415 95 315 96 97 401 435 37 434 384 266 344 322 383 486 359 303 299 222 417 365 106 356 295 364 108 369 308 331 111 404 439 425 341 114 115 116 117 38 40 307 119 235 121 215 229 124 42 125 444 126 43 219 430 323 128 236 328 44 271 130 131 253 232 469 132 466 216 343 326 482 336 133 134 45 358 226 135 433 361 46 292 456 268 412 400 48 499 410 50 51 483 419 258 140 398 141 392 360 143 52 490 238 484 461 145 438 147 224 149 291 150 54 397 57 152 208 59 153 244 60 64 212 67 69 329 154 327 277 305 489 70 405 453 463 379 334 200 205 162 255 163 164 165 475 213 455 459 72 167 75 209 314 169 79 282 350 259 171 217 242 80 247 174 175 201 409 332 473 176 376 237 178 81 370 179 180 452 333 339 348 183 394 293 185 86 186 318 202 188 87 198 207 313 249 210 88 89 476 317 190 324 243 192 193 194 204 494 195 196 270 90 239 197 442 93 241 284 451 98 99 257 100 203 101 265 260 231 102 206 103 468 104 390 351 447 105 107 109 110 112 211 406 113 118 120 214 319 403 386 309 281 122 449 123 127 129 136 302 137 138 139 142 144 146 148 151 311 416 402 421 155 156 227 157 158 225 159 160 161 199 166 240 357 168 170 172 428 173 177 181 182 184 187 389 189 382 191 413 300 218 228 470 465 290
Solucao final encontrada em: : Wed Nov 23 22:28:44 BRST 2016
Duração total (em min): 1.0173132352333334
