0.1433426247661232 29943.0 13695.0
0.1428844171216923 29931.0 27147.0
0.1218068654778724 29379.0 40745.0
0.1218068654778724 29379.0 54332.0
0.1218068654778724 29379.0 67778.0
A execução terminou!
Tempo calculando soluções: 1.1296333333333333 min.
Melhor tempo total para realizar tarefas: 29379.0
Limite superior(upper bound): 26189.0
Limite inferior(lower bound): 25922.0
Melhor ordem de agendamento:  455 0 1 457 290 2 412 404 498 401 291 484 422 279 491 391 368 283 301 341 361 272 494 434 426 295 476 13 432 437 255 330 418 263 415 293 238 317 376 354 405 334 274 245 451 259 18 242 284 257 285 378 236 316 414 23 249 413 25 373 26 389 278 308 398 499 234 448 350 266 343 449 32 386 232 248 314 235 353 312 3 260 478 271 38 367 410 400 419 40 479 41 450 411 43 223 363 288 46 47 471 497 289 273 51 488 315 335 307 233 442 383 4 439 267 5 58 407 268 417 469 326 298 6 461 61 62 7 453 327 340 258 243 362 65 421 66 300 276 358 209 217 485 297 466 220 384 423 371 486 313 323 75 456 211 388 339 364 8 296 425 256 80 81 237 446 319 375 333 83 467 424 281 86 356 264 474 444 443 205 477 90 216 309 92 231 253 287 95 96 12 282 97 219 454 244 392 100 202 331 365 431 221 230 320 470 261 306 377 344 218 481 107 460 490 199 441 182 111 459 342 226 385 203 462 409 195 9 286 397 430 213 402 229 10 188 348 395 447 11 16 17 121 366 186 496 394 324 208 420 126 393 190 127 20 252 338 128 224 337 131 193 250 262 299 321 22 305 14 177 381 15 387 215 399 429 370 137 463 206 468 140 322 141 19 489 143 21 270 30 175 440 487 24 492 346 33 146 27 349 187 194 148 246 325 277 465 472 304 192 28 380 176 464 303 169 403 179 45 156 164 29 180 158 185 336 359 189 31 163 482 379 357 165 473 48 227 50 168 34 212 35 191 294 172 173 174 302 228 207 435 36 328 37 351 39 53 438 155 458 162 183 280 269 170 198 345 150 42 355 396 360 44 49 52 171 408 54 160 265 416 149 55 144 178 67 56 475 161 369 372 57 428 72 433 483 59 73 196 152 60 151 204 201 76 63 311 64 254 85 138 142 214 68 251 69 382 157 374 134 332 70 91 240 352 94 390 153 445 480 167 318 225 98 200 129 239 71 74 184 452 292 77 197 427 112 78 113 114 79 115 116 117 132 82 495 120 84 347 87 122 124 88 247 310 145 275 166 222 133 135 89 136 93 159 125 99 147 210 139 406 101 123 241 102 103 493 104 181 436 130 154 329 119 105 110 109 106 108 118
Solucao final encontrada em: : Sat Nov 26 15:58:06 BRST 2016
Duração total (em min): 1.1296032357666668
