0.15670701439535684 30293.0 13302.0
0.14616823857344688 30017.0 26432.0
0.14185344992172286 29904.0 39551.0
0.14185344992172286 29904.0 52608.0
0.12753446103325825 29529.0 65679.0
A execução terminou!
Tempo calculando soluções: 1.09465 min.
Melhor tempo total para realizar tarefas: 29529.0
Limite superior(upper bound): 26189.0
Limite inferior(lower bound): 25922.0
Melhor ordem de agendamento:  297 307 484 474 4 367 432 334 459 399 476 257 422 494 444 346 318 407 377 475 266 394 323 434 416 253 255 389 361 276 241 411 249 252 431 457 451 435 437 232 413 25 321 286 390 405 29 472 481 430 402 486 440 1 420 0 493 453 231 423 271 238 225 325 446 332 268 2 382 230 248 308 335 250 247 296 344 370 488 452 353 480 447 365 3 384 414 237 245 426 359 356 380 487 51 5 229 438 408 354 285 288 465 209 246 7 6 233 373 386 473 59 429 8 479 372 396 489 214 218 417 277 273 368 374 345 293 314 256 317 224 200 319 227 352 478 72 327 378 16 278 463 75 260 9 10 11 12 222 403 358 469 439 328 313 311 412 263 13 14 292 15 86 208 485 17 272 303 492 18 199 418 456 366 269 284 362 19 341 20 364 460 21 289 22 23 95 207 342 498 24 205 26 27 28 449 300 281 239 203 198 280 316 30 31 282 338 254 464 470 226 107 376 287 197 193 108 301 32 443 442 381 450 185 295 113 497 496 33 34 348 305 477 35 36 326 298 223 37 186 371 38 212 39 219 217 196 40 41 191 400 42 43 290 427 182 428 181 204 44 190 363 45 243 445 462 46 47 302 48 49 127 216 495 194 50 52 58 53 404 357 265 54 192 331 173 55 375 179 397 482 220 138 189 56 57 461 140 337 60 309 202 499 322 145 419 259 61 267 333 62 63 64 261 175 213 171 65 66 242 304 391 67 425 201 228 164 77 491 153 210 387 68 168 458 454 320 69 166 161 80 275 315 310 163 70 312 262 350 176 467 234 385 71 393 274 73 74 294 395 424 299 291 76 100 178 78 79 471 433 81 82 165 180 83 455 468 84 187 379 85 87 88 89 90 343 279 235 91 339 336 92 93 188 94 96 347 490 156 146 97 388 195 98 184 410 167 349 264 466 183 99 258 148 112 351 177 401 115 436 251 398 448 101 102 159 236 324 103 355 155 170 137 162 104 360 270 105 106 169 483 109 330 134 110 111 114 409 244 160 116 136 143 117 152 221 118 119 306 206 120 172 121 154 122 151 340 123 124 215 125 392 369 240 211 157 126 128 129 150 329 130 421 406 131 174 132 415 149 158 283 133 441 135 141 147 139 383 142 144
Solucao final encontrada em: : Sat Nov 26 15:49:07 BRST 2016
Duração total (em min): 1.0946909557166666
