0.15139944251403262 30154.0 17096.0
0.13624040627744474 29757.0 33940.0
0.13624040627744474 29757.0 50813.0
0.13624040627744474 29757.0 68339.0
A execução terminou!
Tempo calculando soluções: 1.1389833333333332 min.
Melhor tempo total para realizar tarefas: 29757.0
Limite superior(upper bound): 26189.0
Limite inferior(lower bound): 25922.0
Melhor ordem de agendamento:  303 406 347 396 1 2 426 368 493 495 4 5 415 397 413 423 261 344 297 264 244 412 348 12 13 14 490 15 274 472 494 0 288 498 298 18 19 482 312 21 248 23 294 425 328 25 26 387 27 474 28 29 30 31 32 33 321 324 316 327 35 419 380 3 37 38 39 431 40 41 42 372 416 443 454 404 242 44 308 497 46 247 481 463 272 49 476 326 268 250 395 385 51 52 361 366 483 283 286 289 259 365 56 57 58 284 400 60 61 6 469 62 462 446 362 64 364 66 270 418 7 67 353 358 256 461 480 390 345 70 71 265 238 73 373 75 76 8 77 301 487 420 79 354 236 267 330 388 296 475 499 402 337 84 376 255 442 360 227 339 273 357 87 356 318 355 90 91 436 293 94 290 95 409 97 287 342 398 99 338 100 101 331 424 466 102 458 437 485 104 439 389 266 427 278 291 445 109 110 275 295 369 112 444 251 486 113 484 403 9 10 479 340 314 276 438 11 16 333 228 477 320 120 282 434 459 121 467 411 277 231 478 17 20 335 471 125 126 233 260 258 468 216 22 237 263 24 130 381 34 317 133 450 36 410 491 136 374 224 43 137 45 371 280 138 407 488 140 212 47 311 334 141 428 305 48 392 455 370 367 143 144 50 145 53 352 304 384 148 149 150 306 54 441 350 433 241 492 234 155 156 157 230 55 158 341 160 161 394 163 323 336 322 164 460 393 166 59 235 217 457 168 429 377 351 170 391 440 63 307 422 207 175 65 176 68 300 69 72 177 221 346 74 240 220 179 222 181 209 183 332 405 313 78 205 239 451 184 185 80 186 281 188 363 190 285 464 302 191 192 203 210 81 82 279 408 83 194 262 310 421 229 197 85 448 379 359 496 86 200 453 226 201 329 88 202 269 214 257 386 375 211 89 92 473 206 93 198 208 449 254 232 189 383 96 225 343 98 213 103 249 180 105 489 106 218 219 432 199 107 108 253 223 111 414 114 115 299 116 245 117 447 118 271 215 119 243 122 123 382 315 456 124 195 127 128 129 131 465 132 246 349 134 417 309 430 135 435 139 452 187 174 142 146 147 182 401 151 252 152 153 154 470 159 162 292 196 165 167 169 325 171 172 173 178 193 204 319 399 378
Solucao final encontrada em: : Wed Nov 23 22:32:12 BRST 2016
Duração total (em min): 1.13908802365
