0.14807743709190882 30067.0 17379.0
0.14261712932910764 29924.0 34558.0
0.1368131658329833 29772.0 52015.0
0.1368131658329833 29772.0 69310.0
A execução terminou!
Tempo calculando soluções: 1.1551666666666667 min.
Melhor tempo total para realizar tarefas: 29772.0
Limite superior(upper bound): 26189.0
Limite inferior(lower bound): 25922.0
Melhor ordem de agendamento:  335 363 420 352 388 0 366 466 490 456 311 432 294 381 379 7 406 302 306 291 331 345 9 10 11 351 13 380 463 315 14 391 348 457 393 361 327 300 497 489 2 499 353 246 430 498 484 476 274 422 240 245 19 20 21 249 376 359 280 336 371 495 469 398 278 464 390 260 272 434 255 314 385 431 440 496 389 281 386 441 460 328 395 316 295 341 301 475 360 37 369 304 373 310 256 396 471 415 43 1 44 443 408 402 266 45 263 253 374 439 417 435 298 6 3 264 8 446 452 237 49 273 51 18 340 228 354 448 54 55 56 279 276 372 333 437 378 401 383 59 4 60 444 407 397 494 63 64 428 325 472 447 449 419 69 70 491 275 242 323 261 412 320 286 73 355 296 282 75 76 350 236 473 22 23 453 307 25 342 5 12 252 15 80 384 403 270 467 481 303 309 283 493 216 293 200 321 425 87 319 225 346 90 284 215 92 426 344 483 450 28 95 30 375 213 34 38 382 367 337 212 206 399 248 102 268 204 104 259 106 392 305 455 313 330 110 436 224 459 308 202 478 16 188 42 113 358 317 209 269 438 189 297 424 223 343 217 488 339 326 198 414 239 46 122 47 244 324 492 482 124 125 126 394 128 262 442 17 433 131 195 474 132 250 285 233 136 137 138 139 140 141 332 142 181 479 247 356 227 265 218 179 411 229 180 208 220 24 334 58 26 487 27 61 211 65 400 230 207 465 29 421 155 66 377 221 67 357 454 362 347 254 413 429 31 158 176 243 267 160 485 161 201 219 427 257 349 184 164 172 405 477 486 231 72 182 168 169 32 33 170 171 222 191 418 174 241 187 175 153 79 196 178 166 329 35 36 39 81 186 409 288 40 185 83 226 410 210 312 451 41 258 234 461 192 48 468 194 84 470 203 387 290 416 322 85 50 445 338 52 289 93 53 94 57 148 62 365 162 68 103 271 71 370 74 165 154 199 77 150 197 163 458 147 251 183 78 292 121 159 364 146 299 156 152 129 193 235 149 135 82 173 86 287 214 88 190 144 145 133 480 89 91 96 134 97 205 277 120 232 98 99 123 100 101 462 105 143 107 108 177 109 111 167 130 112 114 115 116 238 318 117 423 368 118 119 404 157 151 127
Solucao final encontrada em: : Wed Nov 23 22:35:42 BRST 2016
Duração total (em min): 1.1552945101833334
