0.16025812363969605 30386.0 17455.0
0.137882317003322 29800.0 34775.0
0.137882317003322 29800.0 52445.0
0.137882317003322 29800.0 69620.0
A execução terminou!
Tempo calculando soluções: 1.1603333333333334 min.
Melhor tempo total para realizar tarefas: 29800.0
Limite superior(upper bound): 26189.0
Limite inferior(lower bound): 25922.0
Melhor ordem de agendamento:  358 349 461 492 2 429 300 498 338 285 359 345 476 466 289 348 6 365 266 396 418 375 485 343 8 292 294 332 9 399 246 326 496 250 10 491 309 478 383 286 423 442 415 421 438 15 353 336 17 339 18 366 291 0 264 472 475 395 350 471 242 279 319 24 307 347 487 431 386 352 25 1 454 27 450 28 464 29 3 473 379 236 295 445 456 437 288 367 344 31 317 340 32 363 33 235 354 403 452 230 439 351 256 357 417 310 244 441 268 404 495 356 324 305 251 265 43 443 44 409 479 45 323 46 47 48 49 482 334 467 337 394 247 52 444 391 302 231 299 303 372 55 222 4 223 287 416 486 413 59 389 420 252 474 406 362 61 377 254 333 480 457 435 63 212 260 296 451 5 455 484 433 67 68 7 412 70 71 312 314 410 199 253 76 269 78 79 80 313 460 308 315 376 11 215 83 430 225 373 85 490 346 87 245 440 12 306 89 304 280 355 385 13 378 94 301 14 197 16 283 221 19 489 208 99 341 20 100 204 284 102 318 393 104 327 233 419 106 497 427 108 109 411 110 111 112 481 113 114 448 387 116 469 200 255 488 118 275 21 267 434 368 468 436 240 122 123 124 241 22 219 23 213 470 293 371 26 30 243 129 130 426 422 131 369 211 380 402 227 135 34 381 238 206 138 35 139 140 311 388 382 259 329 361 425 143 401 144 273 194 145 465 249 263 148 184 149 150 276 185 298 224 36 37 152 321 153 282 201 384 408 248 325 237 328 189 232 158 38 39 239 159 405 262 290 342 424 40 41 161 162 258 42 414 164 50 51 202 165 166 205 390 428 214 188 297 171 493 172 278 463 316 174 320 175 176 187 177 392 53 483 54 449 56 261 180 220 181 370 182 179 57 58 168 499 229 60 270 360 271 190 62 64 462 65 178 66 191 69 169 217 193 160 209 216 72 73 432 195 196 257 74 75 198 228 407 77 398 322 203 272 170 81 459 458 331 146 82 207 84 86 364 88 330 446 173 210 274 167 142 147 453 151 192 136 494 397 90 157 91 92 93 95 447 477 400 96 218 156 374 97 281 98 132 155 101 226 234 141 103 154 105 107 115 117 186 277 137 119 133 163 183 127 120 335 126 121 134 125 128
Solucao final encontrada em: : Wed Nov 23 22:29:54 BRST 2016
Duração total (em min): 1.1604660103
