0.13127649012944365 29627.0 17838.0
0.13127649012944365 29627.0 35519.0
0.13127649012944365 29627.0 52837.0
0.13127649012944365 29627.0 70159.0
A execução terminou!
Tempo calculando soluções: 1.1693166666666666 min.
Melhor tempo total para realizar tarefas: 29627.0
Limite superior(upper bound): 26189.0
Limite inferior(lower bound): 25922.0
Melhor ordem de agendamento:  262 337 0 1 324 392 2 3 4 5 6 7 315 470 314 267 8 417 9 480 493 368 10 343 11 398 12 366 13 14 268 473 376 15 476 16 296 17 18 19 414 451 496 20 21 311 448 22 23 358 425 24 491 25 26 27 403 28 29 30 263 316 449 415 31 32 289 33 327 34 35 251 36 37 402 364 440 377 38 39 40 41 374 252 438 42 400 383 43 44 360 45 46 481 271 463 47 436 48 49 253 50 341 51 422 52 53 54 55 437 56 57 58 59 431 393 420 60 61 62 497 63 64 424 65 66 453 67 68 356 297 69 442 372 70 71 72 73 489 74 401 454 475 406 432 365 75 76 434 77 78 79 80 81 82 83 465 261 84 85 404 412 86 87 88 304 89 90 418 91 407 399 92 93 344 348 94 433 95 396 96 97 333 353 288 98 342 479 99 340 100 329 467 421 466 101 102 103 298 104 105 487 484 300 106 107 108 109 456 110 317 111 112 367 113 498 114 382 115 116 117 464 118 119 120 121 279 122 123 270 319 306 124 370 286 125 126 361 293 458 460 409 457 310 127 390 495 362 301 339 128 426 283 129 326 130 131 384 132 133 134 375 135 485 136 137 336 138 338 282 459 397 405 139 140 141 142 143 144 145 280 146 147 148 490 294 149 273 150 151 152 469 385 275 429 153 349 303 154 447 378 155 386 156 157 158 159 318 395 160 161 471 413 162 163 164 165 332 166 290 167 379 168 169 170 171 408 172 276 173 320 443 174 175 269 482 176 177 178 179 180 468 435 181 363 389 182 183 184 272 185 186 187 488 188 499 486 189 190 477 347 428 191 281 192 371 193 295 194 427 299 195 196 474 321 452 461 197 198 199 200 201 202 203 204 285 305 284 205 381 206 351 277 373 207 208 359 209 210 445 211 212 441 213 214 312 350 308 416 215 216 217 323 307 388 218 334 219 278 328 313 355 478 220 325 410 221 222 265 309 439 223 224 225 226 227 228 430 380 229 291 230 391 419 231 450 232 233 234 235 394 236 237 238 239 423 240 241 331 354 352 242 243 302 244 245 246 387 455 494 369 462 247 287 248 483 249 357 250 444 254 335 255 256 446 257 258 259 260 264 266 274 472 492 292 322 411 346 345 330
Solucao final encontrada em: : Wed Nov 23 22:34:33 BRST 2016
Duração total (em min): 1.1694348709166666
