0.13036007484058193 29603.0 16891.0
0.13036007484058193 29603.0 34953.0
0.13036007484058193 29603.0 52980.0
0.13036007484058193 29603.0 71080.0
A execução terminou!
Tempo calculando soluções: 1.1846666666666668 min.
Melhor tempo total para realizar tarefas: 29603.0
Limite superior(upper bound): 26189.0
Limite inferior(lower bound): 25922.0
Melhor ordem de agendamento:  429 472 0 431 305 249 1 2 3 375 4 5 498 6 281 7 428 347 8 467 433 9 387 10 11 12 496 13 14 300 430 325 391 15 16 17 18 335 477 443 323 19 384 20 290 324 21 22 343 23 24 25 406 26 27 28 283 447 29 30 31 289 489 485 295 450 475 32 360 364 33 331 395 270 34 35 36 435 374 37 301 38 39 40 41 297 42 422 263 43 355 44 366 45 348 46 407 47 437 417 48 49 257 494 50 404 51 52 53 409 54 55 351 379 56 57 58 59 274 412 314 453 434 60 61 446 62 63 64 449 403 65 445 392 330 66 262 67 419 302 292 68 326 69 70 460 71 72 340 73 74 361 75 76 380 77 349 78 79 80 81 457 291 82 83 84 478 356 85 411 86 377 332 87 255 278 383 394 88 462 89 376 488 313 321 312 277 90 91 92 93 345 94 95 414 96 307 382 97 284 269 98 99 100 101 499 102 298 405 103 487 104 421 105 106 413 388 107 108 109 110 454 296 111 441 112 337 113 497 260 493 114 319 115 116 117 118 119 285 120 436 373 121 122 123 267 424 317 408 280 276 371 124 125 418 320 390 126 127 128 129 130 251 131 309 132 133 134 448 458 367 480 135 136 423 372 137 492 138 322 139 464 354 140 141 258 333 142 143 329 381 144 427 145 272 311 146 147 425 476 148 149 365 452 293 368 378 150 151 432 152 153 154 358 155 156 157 158 159 273 160 161 265 282 162 163 164 165 352 166 167 397 268 357 338 459 168 169 389 170 171 172 173 174 175 484 176 177 178 179 328 180 181 369 182 183 184 456 359 266 185 186 187 470 471 188 287 474 189 303 463 396 190 191 334 444 346 192 440 315 275 193 483 479 194 264 195 196 197 415 426 256 339 198 455 482 261 199 420 200 201 439 254 202 490 386 393 416 203 204 205 206 451 363 473 402 310 469 207 208 353 209 210 342 211 212 410 213 214 215 216 370 491 288 350 217 461 294 218 253 219 220 465 221 222 223 362 224 225 279 438 226 227 286 327 466 228 385 229 336 230 231 399 232 398 233 234 235 236 341 237 306 238 316 318 400 401 239 240 299 259 308 241 252 242 243 244 481 245 246 486 247 248 250 495 468 271 304 344 442
Solucao final encontrada em: : Wed Nov 23 22:26:31 BRST 2016
Duração total (em min): 1.1847679157833333
