0.14601550269196992 30013.0 13451.0
0.14196800183283056 29907.0 26612.0
0.14196800183283056 29907.0 39797.0
0.14196800183283056 29907.0 53073.0
0.14196800183283056 29907.0 66273.0
A execução terminou!
Tempo calculando soluções: 1.10455 min.
Melhor tempo total para realizar tarefas: 29907.0
Limite superior(upper bound): 26189.0
Limite inferior(lower bound): 25922.0
Melhor ordem de agendamento:  0 480 475 477 358 2 3 4 363 267 5 283 306 250 255 296 8 400 454 337 388 345 397 404 311 430 282 12 412 13 451 284 386 293 15 16 305 369 304 17 426 367 459 264 416 450 322 21 410 22 433 366 257 373 25 488 389 448 499 288 26 27 28 29 281 30 360 31 393 242 365 263 324 379 35 265 233 465 382 498 402 316 368 403 490 342 290 446 244 40 41 319 238 414 243 383 43 1 256 325 375 315 47 458 6 48 286 456 299 321 53 240 54 245 364 407 473 246 277 57 361 58 59 462 377 258 357 347 241 398 439 64 298 66 405 443 335 7 376 482 9 328 336 428 331 413 215 70 486 72 73 497 10 340 329 297 338 372 266 481 292 260 493 11 78 415 79 470 230 14 81 394 496 463 434 18 275 86 87 88 89 435 218 330 19 234 20 23 93 327 452 371 24 97 98 99 396 101 432 272 32 307 424 103 408 104 33 391 105 106 460 390 108 417 453 421 34 425 485 111 36 221 464 344 395 262 418 113 339 273 399 115 356 254 349 291 37 231 38 332 118 359 119 468 237 39 411 42 44 216 217 362 259 232 127 225 353 45 343 129 212 422 130 276 429 132 270 492 444 46 49 457 370 274 135 50 461 469 51 381 350 137 223 138 200 140 455 141 142 143 144 202 145 436 348 210 355 148 287 280 151 285 279 380 431 318 197 52 155 55 56 302 60 199 310 157 352 61 62 354 158 239 159 160 229 449 228 484 289 164 384 165 209 166 167 478 63 235 168 333 220 169 222 294 65 467 67 172 198 406 175 326 176 483 178 301 68 312 334 211 387 69 180 71 181 182 74 419 226 487 75 184 441 76 77 186 187 442 188 351 80 227 82 491 83 191 346 479 84 314 85 90 192 193 320 438 423 91 92 427 309 208 489 247 204 214 278 94 203 95 401 251 474 268 440 194 471 96 472 392 100 213 102 317 253 185 107 190 248 261 341 179 109 110 236 189 205 112 219 271 269 445 206 303 114 420 116 437 466 196 447 117 295 120 121 374 409 122 123 378 124 495 183 125 476 252 174 126 170 128 163 131 133 173 171 207 308 134 136 139 146 201 224 195 147 385 162 149 150 152 323 153 154 156 494 313 161 300 177 249
Solucao final encontrada em: : Sat Nov 26 15:53:35 BRST 2016
Duração total (em min): 1.1046251141666668
