0.14460269578830806 29976.0 13498.0
0.14460269578830806 29976.0 26753.0
0.1362022223070755 29756.0 40014.0
0.1362022223070755 29756.0 53235.0
0.1362022223070755 29756.0 66480.0
A execução terminou!
Tempo calculando soluções: 1.108 min.
Melhor tempo total para realizar tarefas: 29756.0
Limite superior(upper bound): 26189.0
Limite inferior(lower bound): 25922.0
Melhor ordem de agendamento:  331 0 477 497 1 285 292 487 374 323 3 4 385 465 305 496 473 365 7 384 410 349 448 10 11 254 363 330 13 14 262 337 440 425 372 362 258 484 242 422 399 20 308 21 453 253 315 475 415 24 25 26 379 28 275 494 401 255 30 241 31 32 470 322 33 391 244 276 278 350 250 38 471 264 247 437 382 42 416 43 436 400 419 430 438 358 381 49 404 360 50 51 429 357 359 495 427 342 281 296 351 54 268 260 442 56 485 2 58 59 267 310 291 5 299 227 62 261 387 274 66 226 68 69 70 71 392 356 300 269 284 421 412 459 461 480 232 366 75 237 345 467 344 286 273 341 441 77 221 375 80 81 82 318 456 346 84 414 423 319 86 320 486 87 369 283 89 90 380 321 376 409 334 339 92 420 288 95 336 304 98 99 455 447 243 270 411 316 216 102 364 104 390 106 378 240 107 301 211 109 297 110 111 112 313 469 225 303 114 115 314 15 116 277 117 327 367 118 481 490 418 6 120 348 407 257 122 405 123 498 8 259 388 125 280 417 209 22 203 129 130 347 435 131 9 12 396 482 256 16 403 17 133 220 317 328 302 210 223 222 134 395 324 201 136 279 263 290 138 34 236 139 326 298 140 141 213 143 383 144 145 18 246 212 147 19 458 23 148 149 150 151 231 214 152 311 386 355 155 156 353 343 464 333 157 158 452 252 27 444 406 329 335 271 162 460 163 466 371 499 287 370 207 166 167 439 169 170 171 197 172 173 491 175 219 29 433 224 45 208 235 368 179 46 180 35 181 36 182 443 37 266 206 238 233 488 295 450 338 309 190 191 332 193 194 289 39 40 41 195 234 434 249 196 431 198 199 200 44 202 47 204 307 57 48 389 52 472 53 493 306 248 230 424 55 205 65 176 60 468 393 61 218 74 63 377 445 215 408 64 265 67 192 373 361 478 217 282 72 183 93 479 428 492 457 73 474 413 76 78 79 394 83 239 85 451 228 229 88 272 397 177 91 294 426 454 94 449 340 96 174 97 100 101 178 103 105 187 188 108 245 128 113 476 119 121 312 124 126 251 127 402 135 446 489 462 398 325 189 132 137 185 483 354 142 146 463 352 153 154 168 186 165 159 161 293 432 184 160 164
Solucao final encontrada em: : Sat Nov 26 15:56:58 BRST 2016
Duração total (em min): 1.1083680408
