0.15174309824735577 30163.0 18136.0
0.13482759937378289 29720.0 37150.0
0.13482759937378289 29720.0 55410.0
0.13482759937378289 29720.0 73864.0
A execução terminou!
Tempo calculando soluções: 1.2310666666666668 min.
Melhor tempo total para realizar tarefas: 29720.0
Limite superior(upper bound): 26189.0
Limite inferior(lower bound): 25922.0
Melhor ordem de agendamento:  442 0 380 448 1 346 385 2 438 294 4 402 337 376 265 320 472 5 310 341 6 359 8 336 268 490 317 10 433 345 437 457 313 292 357 3 14 15 295 17 432 19 7 408 441 21 489 244 382 271 24 25 26 440 374 9 270 393 443 434 28 266 390 363 479 319 31 463 33 34 35 342 480 37 309 484 38 379 329 494 454 450 42 418 44 355 392 46 47 299 48 436 277 49 50 492 429 52 11 53 54 55 488 456 413 334 383 239 58 59 251 288 61 471 63 64 65 323 67 68 69 430 368 12 391 13 328 460 349 493 322 72 73 279 464 435 302 306 16 75 344 77 451 260 375 285 79 80 81 255 394 83 371 282 499 18 84 477 20 308 360 87 362 287 89 369 22 90 409 404 92 23 93 27 399 286 289 414 29 466 314 378 230 269 99 468 272 258 389 403 420 407 343 102 276 388 312 30 327 262 105 253 324 300 32 108 455 110 377 474 112 301 315 473 459 326 114 395 116 423 316 449 422 381 118 281 119 366 36 330 39 412 419 482 236 264 123 483 469 40 421 126 127 398 41 128 129 263 242 353 131 338 132 43 133 245 45 135 221 243 225 351 138 259 446 439 51 293 347 140 458 141 365 486 386 250 431 339 145 235 147 148 149 226 424 228 152 447 232 452 153 154 350 156 354 496 358 159 478 160 161 222 361 428 164 220 427 167 168 247 169 298 56 364 495 57 171 172 173 174 60 175 176 177 284 291 223 304 476 62 249 212 467 373 274 370 240 185 340 186 325 248 215 188 445 444 348 191 400 192 66 70 193 194 71 426 233 210 470 331 74 76 283 406 197 198 199 200 78 201 202 425 82 401 204 85 205 332 256 217 491 209 405 311 321 296 211 475 275 246 462 465 86 196 88 261 497 91 387 94 214 207 297 305 95 208 96 335 485 453 97 303 278 280 98 229 231 100 101 254 103 104 267 106 107 234 352 237 241 367 109 252 333 184 111 113 219 115 117 120 121 122 257 124 273 238 125 356 130 372 134 216 189 384 136 137 139 142 195 143 290 487 144 146 218 410 150 151 155 206 203 157 158 481 224 162 163 396 411 165 166 498 170 178 318 417 179 416 180 397 227 181 182 183 187 307 461 415 213 190
Solucao final encontrada em: : Wed Nov 23 22:25:20 BRST 2016
Duração total (em min): 1.2311789766
