0.15987628393600367 30376.0 17316.0
0.14215892168467678 29912.0 34674.0
0.14215892168467678 29912.0 51946.0
0.13746229332926038 29789.0 69208.0
A execução terminou!
Tempo calculando soluções: 1.1534666666666666 min.
Melhor tempo total para realizar tarefas: 29789.0
Limite superior(upper bound): 26189.0
Limite inferior(lower bound): 25922.0
Melhor ordem de agendamento:  0 374 380 432 439 428 478 298 288 260 443 315 291 361 451 8 320 9 287 286 458 322 447 430 424 330 466 324 326 280 392 367 401 241 415 18 431 480 402 352 331 323 481 21 372 378 396 247 253 360 482 1 463 3 2 28 278 425 240 30 340 309 453 265 234 399 35 446 345 251 289 259 316 467 377 4 233 274 275 468 237 449 273 423 442 362 386 499 440 267 272 416 357 319 50 369 344 376 224 393 235 433 261 364 435 413 5 283 59 252 211 359 408 470 454 487 62 312 498 245 64 65 236 263 67 450 255 489 356 311 70 325 461 6 335 227 462 243 349 212 305 419 329 238 407 270 203 284 11 7 388 10 492 483 437 12 297 290 281 86 87 13 418 14 459 429 436 404 15 294 93 16 444 301 476 332 208 17 19 20 405 406 292 198 22 23 350 24 471 100 382 244 343 266 303 25 104 26 220 293 27 106 107 108 232 457 204 426 414 29 477 239 112 495 409 304 113 394 485 379 31 277 321 302 387 209 225 32 119 199 121 229 123 445 262 307 223 33 368 346 391 342 206 213 132 285 472 202 34 190 417 191 370 136 318 375 189 353 207 254 333 221 308 390 36 448 395 271 441 310 434 371 295 193 490 37 38 256 282 147 39 186 299 205 185 300 40 373 41 279 250 248 188 182 187 42 43 44 479 246 216 317 217 45 421 469 465 464 46 47 48 336 49 51 358 475 306 52 276 491 242 455 338 347 170 171 194 226 169 460 397 175 53 54 55 178 219 179 218 337 56 231 57 161 180 341 411 58 210 230 398 60 427 383 192 166 61 484 384 264 269 200 258 328 63 366 66 68 181 494 69 71 410 157 72 73 351 74 75 156 76 313 77 78 196 79 327 348 422 153 152 184 84 496 420 80 173 81 82 403 363 165 493 83 172 249 85 88 339 365 101 486 150 474 257 176 497 89 296 488 215 90 314 109 149 164 154 91 452 473 92 228 94 167 412 95 96 268 438 97 98 162 99 354 177 102 148 103 155 141 135 105 159 174 110 111 160 114 115 144 116 201 334 145 195 385 117 389 118 142 146 143 183 120 151 214 381 163 122 124 222 125 139 128 197 126 140 355 138 158 134 127 137 456 133 168 131 129 130 400
Solucao final encontrada em: : Wed Nov 23 22:31:03 BRST 2016
Duração total (em min): 1.1535886246333333
