0.14647371033640078 30025.0 18075.0
0.14647371033640078 30025.0 36372.0
0.14231165756615372 29916.0 54287.0
0.14231165756615372 29916.0 72084.0
A execução terminou!
Tempo calculando soluções: 1.2014 min.
Melhor tempo total para realizar tarefas: 29916.0
Limite superior(upper bound): 26189.0
Limite inferior(lower bound): 25922.0
Melhor ordem de agendamento:  0 1 306 445 2 3 412 344 5 6 393 280 7 413 386 10 440 11 269 283 488 12 13 364 378 323 15 16 251 373 18 475 19 254 462 263 415 453 307 432 25 449 26 27 28 469 295 331 468 262 320 313 30 31 376 464 459 33 34 360 411 37 38 472 367 492 448 277 359 487 41 42 380 357 428 322 390 46 4 296 330 350 467 361 362 50 353 52 53 333 326 431 56 383 410 59 425 60 437 234 363 402 247 346 310 403 329 237 302 8 369 271 422 9 340 233 69 458 304 470 358 258 292 232 74 497 405 300 337 444 400 77 78 441 450 276 489 334 80 299 82 83 274 436 443 85 332 86 224 222 381 409 88 374 297 90 14 420 294 253 407 92 266 93 385 216 493 95 272 495 309 455 255 17 98 99 395 460 474 417 101 398 20 235 365 305 439 418 21 427 335 343 486 108 408 218 341 109 22 241 111 270 382 248 23 24 112 275 114 264 115 29 406 116 32 451 117 35 421 36 370 318 293 231 485 122 123 481 259 236 491 126 384 39 479 228 434 260 457 129 245 217 131 314 40 43 463 419 429 484 238 44 225 136 137 138 139 447 426 414 141 227 210 303 391 356 45 143 482 473 47 144 145 308 401 476 48 282 49 147 496 149 51 150 54 151 152 55 240 319 388 317 471 156 157 301 57 58 348 324 160 206 371 213 352 61 163 164 368 165 166 366 389 168 62 372 169 170 171 172 435 285 377 465 250 392 315 223 175 288 208 177 178 446 397 286 181 243 284 349 183 184 490 466 336 342 188 63 189 291 478 279 423 433 229 267 430 325 193 480 345 64 195 461 65 197 204 199 351 201 203 211 68 316 205 327 207 212 209 66 483 67 281 70 452 328 456 355 442 215 190 194 191 71 394 230 72 416 242 354 73 198 220 200 339 404 249 87 261 257 499 75 311 76 79 202 91 81 375 454 278 176 185 379 424 84 89 94 104 105 107 387 96 97 110 100 102 103 221 106 239 113 118 246 226 396 338 287 273 124 252 182 244 119 127 256 120 121 125 128 130 214 477 135 132 133 438 321 134 312 347 180 140 142 186 494 146 148 153 154 155 265 219 498 158 159 399 196 161 162 268 192 167 173 174 179 187 290 289 298
Solucao final encontrada em: : Wed Nov 23 22:27:43 BRST 2016
Duração total (em min): 1.2015837197
