0.1495284279659399 30105.0 17956.0
0.1495284279659399 30105.0 35408.0
0.1495284279659399 30105.0 52846.0
0.1373859253885219 29787.0 70449.0
A execução terminou!
Tempo calculando soluções: 1.17415 min.
Melhor tempo total para realizar tarefas: 29787.0
Limite superior(upper bound): 26189.0
Limite inferior(lower bound): 25922.0
Melhor ordem de agendamento:  321 327 2 333 294 323 416 338 5 6 458 290 315 346 473 246 12 391 317 292 287 406 293 263 17 271 244 399 260 459 431 434 471 445 24 400 262 26 443 386 28 299 0 30 253 282 454 462 34 368 359 493 404 306 280 278 37 38 472 475 393 352 302 369 412 378 40 41 483 259 1 43 499 283 476 409 433 326 436 266 45 430 296 367 310 301 49 390 50 225 422 240 408 343 238 328 297 432 354 491 289 3 382 381 334 4 243 58 318 337 61 417 275 437 272 365 470 66 311 231 68 375 286 268 371 295 370 446 486 428 484 254 322 224 7 332 447 74 349 494 223 237 342 389 267 424 8 234 79 395 427 423 279 490 9 83 429 269 453 468 320 394 380 298 87 398 387 89 364 314 201 344 235 331 209 411 425 197 456 495 232 95 249 312 215 258 97 477 335 255 10 355 257 101 329 373 261 385 11 211 194 440 452 23 13 469 264 498 105 14 273 492 27 451 448 419 435 276 15 203 111 221 112 113 308 114 379 116 397 16 374 341 230 218 467 270 18 124 444 300 210 32 426 127 128 236 129 33 19 401 277 340 196 20 39 291 21 22 187 418 44 392 313 202 227 25 285 463 247 29 212 403 415 141 347 143 46 402 242 47 31 497 216 35 36 464 192 42 48 182 148 414 303 265 52 51 53 241 54 248 205 339 228 442 439 420 384 250 204 366 55 157 361 438 56 57 383 59 159 179 222 162 252 358 164 184 496 239 188 60 183 213 62 171 177 63 64 324 220 65 67 284 69 450 176 388 70 178 71 199 72 189 73 256 345 200 75 193 485 76 407 405 77 348 281 78 80 185 186 81 304 82 305 84 85 251 86 449 88 90 229 91 92 479 93 245 94 96 198 441 481 474 421 170 98 99 482 351 100 102 307 103 104 106 107 108 288 109 466 175 309 214 110 190 413 115 377 117 208 173 461 118 360 325 174 460 353 169 126 119 130 120 121 480 219 330 122 357 455 132 336 207 135 123 125 131 195 133 180 488 350 233 363 168 134 226 457 142 319 144 316 487 181 136 167 137 138 151 166 274 139 206 372 356 163 140 217 154 160 145 146 147 149 156 489 410 465 165 191 150 396 172 478 158 152 153 155 161 362 376
Solucao final encontrada em: : Wed Nov 23 22:33:23 BRST 2016
Duração total (em min): 1.1743117769666667
