0.13883691626255298 29825.0 13363.0
0.13883691626255298 29825.0 26517.0
0.13883691626255298 29825.0 39782.0
0.13883691626255298 29825.0 52853.0
0.13883691626255298 29825.0 66046.0
A execução terminou!
Tempo calculando soluções: 1.1007666666666667 min.
Melhor tempo total para realizar tarefas: 29825.0
Limite superior(upper bound): 26189.0
Limite inferior(lower bound): 25922.0
Melhor ordem de agendamento:  0 396 1 2 3 4 491 428 402 382 5 6 488 7 495 451 8 487 9 317 282 264 403 439 383 478 490 10 11 12 13 314 14 464 15 16 17 369 412 285 413 18 19 20 479 21 22 305 289 288 23 430 24 272 25 359 26 27 364 28 29 408 30 415 336 31 32 33 296 34 35 36 37 38 39 318 40 41 42 397 475 284 43 378 44 281 321 45 46 304 47 373 48 350 49 432 330 268 252 50 391 358 51 52 53 54 55 56 329 386 57 395 385 300 455 452 58 59 60 61 384 292 279 340 62 326 480 496 417 494 404 270 63 64 433 290 447 65 498 66 67 337 68 69 70 266 71 72 356 73 74 291 251 277 75 76 461 376 77 78 79 352 393 80 81 82 83 84 346 85 86 419 87 88 89 90 278 280 91 379 400 261 92 295 93 94 95 96 459 97 401 98 99 324 100 267 316 101 453 435 102 103 381 287 104 444 105 106 255 315 443 405 107 108 325 301 109 110 111 112 343 294 427 448 320 113 114 115 460 116 117 118 310 119 120 347 121 377 122 123 466 124 125 126 370 127 128 129 130 409 485 131 319 132 387 483 133 134 135 136 388 335 361 437 440 262 137 492 138 139 140 374 141 269 142 389 276 143 481 144 323 372 145 146 429 477 147 148 149 410 150 151 152 153 154 155 156 327 431 338 348 331 157 158 159 160 161 499 398 162 425 469 275 263 163 286 164 450 322 474 165 299 166 167 168 345 265 169 170 390 171 411 172 173 174 175 312 176 177 482 178 179 180 181 497 182 183 184 420 457 333 185 422 186 332 187 188 189 190 339 366 191 192 306 367 193 334 194 195 196 197 198 199 471 200 201 426 365 486 202 203 204 476 462 205 206 207 472 442 208 311 424 209 210 211 465 212 362 371 213 308 214 436 215 392 434 216 217 394 441 297 218 219 220 221 222 363 223 458 224 484 225 341 493 375 226 227 360 445 228 446 468 309 423 229 230 231 489 416 399 351 232 307 233 449 234 235 438 463 236 237 238 239 240 241 242 243 456 353 244 357 355 454 245 246 247 418 470 302 248 249 250 473 380 414 253 313 254 256 344 257 258 259 349 260 271 368 273 421 274 283 354 342 293 298 303 407 328 406 467
Solucao final encontrada em: : Sat Nov 26 15:52:28 BRST 2016
Duração total (em min): 1.10085642455
