0.13948604375883003 29842.0 13683.0
0.13742410935889113 29788.0 27162.0
0.13742410935889113 29788.0 40698.0
0.13742410935889113 29788.0 54231.0
0.13696590171446027 29776.0 67682.0
A execução terminou!
Tempo calculando soluções: 1.1280333333333334 min.
Melhor tempo total para realizar tarefas: 29776.0
Limite superior(upper bound): 26189.0
Limite inferior(lower bound): 25922.0
Melhor ordem de agendamento:  380 315 356 472 360 361 331 281 359 474 396 456 334 318 351 439 261 404 306 382 473 266 376 373 357 470 262 251 271 321 304 408 295 434 465 325 437 273 242 381 419 485 18 446 471 422 299 247 289 428 0 24 353 499 236 291 493 477 301 413 374 494 417 430 467 362 327 1 303 453 461 407 35 36 423 343 2 339 40 307 3 386 288 484 329 358 241 282 406 317 4 278 392 5 454 398 388 293 54 323 486 426 310 232 455 259 265 215 58 6 383 410 287 267 61 379 222 285 7 8 9 450 208 421 365 364 221 391 340 335 390 463 217 10 263 268 402 11 75 227 225 214 12 394 228 401 13 370 468 480 252 209 400 284 316 14 83 15 469 16 264 86 199 234 276 302 212 17 229 369 418 320 19 378 20 220 203 206 300 349 366 253 395 94 412 444 337 21 22 23 25 336 487 183 100 197 26 223 489 27 28 29 30 436 31 290 427 107 312 415 195 250 233 194 476 246 311 409 441 375 182 432 345 32 433 218 33 440 216 371 119 498 34 279 457 420 201 37 38 328 39 126 41 385 127 213 178 204 393 438 346 492 244 249 296 42 180 43 354 44 466 193 338 464 45 442 460 399 46 230 350 47 240 297 48 211 495 272 49 448 50 368 174 51 52 248 488 173 53 270 55 56 475 179 305 196 57 59 447 280 60 62 184 63 185 190 481 64 207 191 65 313 159 66 205 458 462 411 67 176 363 243 68 198 69 324 70 71 352 377 309 72 286 73 496 74 76 326 397 77 171 431 78 445 424 79 80 169 497 81 82 84 372 347 85 294 452 342 459 490 188 87 88 314 89 90 491 91 153 200 405 92 172 283 210 93 186 257 95 254 166 152 170 389 96 231 177 175 333 97 387 98 99 101 102 103 165 104 105 322 403 181 235 255 258 425 149 106 483 108 449 109 110 192 344 332 148 111 451 112 113 150 114 161 330 429 115 308 274 116 319 117 118 367 416 202 120 121 435 384 187 122 224 414 168 478 145 147 123 158 124 355 125 348 162 237 144 275 269 239 226 238 128 292 167 164 298 482 135 219 129 130 138 140 131 132 341 133 157 134 189 136 137 139 260 141 142 443 143 245 146 151 154 155 156 160 163 256 277 479
Solucao final encontrada em: : Sat Nov 26 15:55:51 BRST 2016
Duração total (em min): 1.1281504001833333
