0.14735194165489326 30048.0 13678.0
0.14735194165489326 30048.0 27178.0
0.14200618580319982 29908.0 41164.0
0.14055519492916874 29870.0 54738.0
0.13589675054412156 29748.0 68246.0
A execução terminou!
Tempo calculando soluções: 1.1374333333333333 min.
Melhor tempo total para realizar tarefas: 29748.0
Limite superior(upper bound): 26189.0
Limite inferior(lower bound): 25922.0
Melhor ordem de agendamento:  254 381 474 462 497 363 368 493 485 263 289 326 328 260 422 259 416 378 490 248 394 341 403 475 306 428 415 393 301 15 471 16 288 324 476 467 348 1 247 457 424 0 242 26 401 334 320 312 28 2 432 373 388 255 371 451 443 274 270 458 466 330 397 280 322 37 302 405 300 433 3 407 269 310 283 316 367 413 336 438 449 243 459 4 360 473 441 296 285 5 218 468 496 382 250 268 399 402 6 362 249 308 244 286 498 57 246 444 213 347 223 61 369 241 292 9 315 65 450 454 434 398 219 210 440 298 7 472 272 70 350 295 227 452 431 421 211 423 419 343 342 294 8 463 460 81 480 10 237 439 487 287 239 417 478 282 276 201 435 224 278 384 395 251 94 205 349 426 412 325 200 97 203 19 314 420 11 265 387 304 284 12 482 430 20 193 333 258 281 486 279 192 346 216 277 229 389 477 13 182 456 358 226 25 220 111 309 291 406 228 14 359 231 494 427 465 337 120 17 442 122 238 313 446 404 126 264 299 29 380 30 18 408 261 491 436 221 222 31 293 425 21 437 32 365 266 455 171 22 196 23 290 447 356 400 180 481 24 240 225 165 147 34 374 390 353 297 170 191 184 273 152 27 214 204 33 35 375 379 157 190 321 202 305 340 332 36 357 396 256 38 39 166 167 40 338 41 188 411 206 262 181 42 495 208 43 155 311 484 44 461 257 187 176 45 46 483 47 185 160 168 153 151 48 49 50 51 366 183 303 445 323 232 149 448 376 52 53 327 54 55 372 56 58 156 150 275 418 207 145 339 59 60 352 230 174 385 62 253 163 63 148 64 66 67 464 197 189 195 68 335 69 351 154 470 71 72 73 409 377 74 75 354 76 77 479 78 318 79 175 80 267 82 83 146 84 317 215 85 86 252 87 88 158 186 89 90 235 488 91 92 217 93 355 95 469 164 177 344 96 98 99 386 178 194 331 209 100 392 245 391 162 101 329 102 179 143 103 104 212 169 105 492 108 106 141 173 370 110 112 159 114 107 161 410 345 109 172 138 383 198 140 364 453 144 113 361 499 128 115 429 116 236 135 130 131 489 142 136 117 118 233 119 121 271 123 139 124 234 414 125 127 137 129 319 132 307 199 133 134
Solucao final encontrada em: : Sat Nov 26 15:54:43 BRST 2016
Duração total (em min): 1.13731833485
