0.14735194165489326 30048.0 13620.0
0.14635915842529307 30022.0 26961.0
0.1444499599068311 29972.0 40321.0
0.13505670319599833 29726.0 53643.0
0.13505670319599833 29726.0 66919.0
A execução terminou!
Tempo calculando soluções: 1.1153166666666667 min.
Melhor tempo total para realizar tarefas: 29726.0
Limite superior(upper bound): 26189.0
Limite inferior(lower bound): 25922.0
Melhor ordem de agendamento:  270 471 387 321 489 348 272 305 439 354 310 442 373 493 323 443 418 256 306 280 307 11 480 382 403 448 402 0 318 248 467 485 15 401 265 267 243 343 396 419 238 339 484 498 252 422 330 334 482 426 290 285 459 279 436 355 460 349 464 277 474 433 1 261 378 350 2 32 495 292 490 3 427 428 393 395 35 278 294 38 4 5 437 40 41 332 329 268 6 477 416 369 301 440 237 299 7 249 358 274 312 423 293 8 447 235 49 409 50 400 353 356 241 457 366 421 364 55 473 221 281 445 233 9 488 351 384 361 311 10 264 12 429 297 257 276 298 258 313 461 340 410 232 253 450 13 468 295 417 227 481 14 492 379 213 220 71 197 451 229 284 392 223 16 202 411 372 246 73 424 200 17 438 199 18 394 352 363 483 19 250 289 20 193 397 21 201 432 82 22 499 365 84 254 205 189 192 23 391 212 89 219 291 91 472 320 449 24 415 25 370 317 26 95 27 96 338 242 28 224 29 286 30 31 328 374 218 404 217 259 341 231 412 494 33 362 108 228 34 36 389 37 344 230 240 466 245 315 39 275 42 345 333 454 43 44 188 45 357 337 359 390 187 407 469 46 470 386 195 121 324 458 308 434 47 48 273 381 174 478 215 413 491 127 51 234 52 209 185 130 222 175 247 266 287 53 54 336 56 486 57 58 377 59 326 260 178 137 60 211 61 62 140 181 63 64 65 300 143 66 367 67 331 335 171 146 68 360 69 70 72 150 74 180 151 282 296 153 75 497 177 76 479 155 183 376 77 446 452 444 196 78 225 79 405 431 399 162 173 179 322 262 435 172 414 463 453 80 420 168 430 81 441 251 269 83 475 85 165 86 210 87 169 283 184 408 88 194 455 164 90 92 319 398 93 94 239 170 97 182 161 98 346 383 244 160 99 100 186 496 101 487 216 102 103 104 159 105 106 309 166 425 141 368 380 107 109 206 347 110 327 111 112 113 304 176 203 462 371 325 114 314 115 271 303 116 117 118 236 190 375 119 120 122 406 123 476 124 125 263 157 126 316 148 302 128 129 134 131 388 163 191 132 167 133 226 207 156 135 465 456 158 136 198 288 154 138 139 385 142 144 145 255 147 149 214 342 152 204 208
Solucao final encontrada em: : Sat Nov 26 15:50:14 BRST 2016
Duração total (em min): 1.1152656715666667
