0.1422734735957845 29915.0 13661.0
0.1422734735957845 29915.0 27141.0
0.13429302378861355 29706.0 40634.0
0.13429302378861355 29706.0 54474.0
0.13429302378861355 29706.0 67946.0
A execução terminou!
Tempo calculando soluções: 1.1324333333333334 min.
Melhor tempo total para realizar tarefas: 29706.0
Limite superior(upper bound): 26189.0
Limite inferior(lower bound): 25922.0
Melhor ordem de agendamento:  380 267 344 328 1 2 445 407 310 352 448 6 391 7 8 9 10 311 477 360 274 12 13 291 348 487 327 486 15 16 268 326 384 478 293 386 489 284 490 19 20 21 427 473 23 442 277 462 282 266 398 27 28 401 337 470 424 358 330 497 29 239 31 425 416 413 335 495 483 334 423 35 36 318 353 432 37 461 38 39 40 41 329 356 290 400 45 405 46 47 412 417 0 340 457 49 357 460 240 359 241 295 496 53 319 54 55 408 276 303 458 372 351 321 4 435 61 436 332 64 371 3 349 336 472 377 301 247 5 289 68 69 406 252 279 287 73 74 263 76 77 78 464 485 441 269 81 11 320 226 370 342 84 393 292 272 237 88 304 89 365 90 91 14 300 93 414 422 323 280 281 244 250 355 99 324 101 102 262 254 104 233 106 107 306 257 453 410 264 383 297 112 113 369 350 298 429 475 115 116 493 219 214 118 387 120 121 122 123 452 124 125 17 126 127 381 446 388 129 130 131 419 132 133 347 498 136 471 248 439 444 315 421 139 18 440 141 438 317 143 385 22 415 144 24 145 286 235 146 147 25 148 449 467 149 333 234 479 152 428 465 362 454 294 154 403 433 156 389 260 157 158 376 236 469 271 345 481 222 455 468 450 163 164 325 223 166 375 167 261 26 242 411 396 30 170 395 32 227 476 228 211 33 314 34 210 175 499 451 176 307 420 258 308 296 180 181 182 183 366 185 283 399 217 270 188 492 225 42 243 343 484 191 43 341 192 374 397 206 456 44 404 212 459 48 202 197 255 50 338 51 199 52 313 200 201 390 56 302 482 368 246 204 57 58 59 205 474 215 60 62 207 208 316 232 418 63 65 231 392 361 66 213 305 67 480 216 72 443 256 220 70 218 75 245 221 364 71 431 288 224 79 80 86 82 87 447 299 230 373 278 196 434 249 409 394 198 430 83 103 273 105 187 85 184 114 382 92 309 190 94 379 285 95 195 378 354 178 96 253 97 98 488 100 437 108 109 138 110 229 111 259 426 367 117 119 491 151 322 331 128 339 177 189 134 160 179 165 135 137 193 168 203 194 346 171 238 172 402 140 463 142 251 265 150 209 153 275 155 159 363 161 466 312 186 162 494 169 173 174
Solucao final encontrada em: : Sat Nov 26 15:51:22 BRST 2016
Duração total (em min): 1.13228469345
